0 0.494141 0.986328 0.105469 0.027344
0 0.597656 0.972656 0.062500 0.054688
0 0.671875 0.957031 0.046875 0.070312
0 0.283203 0.949219 0.097656 0.101562
0 0.824219 0.941406 0.085938 0.093750
0 0.519531 0.916016 0.070312 0.074219
0 0.730469 0.904297 0.062500 0.082031
0 0.058594 0.869141 0.070312 0.058594
0 0.623047 0.867188 0.058594 0.093750
0 0.556641 0.841797 0.066406 0.050781
0 0.921875 0.861328 0.078125 0.097656
0 0.117188 0.839844 0.046875 0.070312
0 0.226562 0.841797 0.101562 0.097656
0 0.462891 0.832031 0.082031 0.117188
0 0.777344 0.796875 0.093750 0.109375
0 0.062500 0.757812 0.070312 0.062500
0 0.457031 0.736328 0.062500 0.042969
0 0.339844 0.759766 0.093750 0.105469
0 0.550781 0.750000 0.062500 0.093750
0 0.865234 0.746094 0.058594 0.101562
0 0.621094 0.728516 0.062500 0.066406
0 0.955078 0.740234 0.089844 0.136719
0 0.318359 0.675781 0.042969 0.039062
0 0.822266 0.656250 0.058594 0.054688
0 0.888672 0.632812 0.050781 0.046875
0 0.597656 0.642578 0.062500 0.066406
0 0.400391 0.640625 0.042969 0.070312
0 0.328125 0.623047 0.070312 0.058594
0 0.058594 0.609375 0.054688 0.070312
0 0.962891 0.601562 0.074219 0.062500
0 0.156250 0.603516 0.054688 0.066406
0 0.703125 0.634766 0.117188 0.136719
0 0.507812 0.591797 0.101562 0.136719
0 0.394531 0.550781 0.070312 0.054688
0 0.013672 0.527344 0.027344 0.062500
0 0.835938 0.562500 0.109375 0.140625
0 0.931641 0.500000 0.058594 0.070312
0 0.705078 0.476562 0.058594 0.062500
0 0.050781 0.458984 0.078125 0.082031
0 0.144531 0.453125 0.070312 0.078125
0 0.271484 0.453125 0.136719 0.109375
0 0.921875 0.412109 0.085938 0.066406
0 0.398438 0.441406 0.085938 0.125000
0 0.800781 0.388672 0.164062 0.113281
0 0.656250 0.382812 0.085938 0.101562
0 0.507812 0.373047 0.101562 0.121094
0 0.017578 0.341797 0.035156 0.089844
0 0.929688 0.324219 0.062500 0.078125
0 0.185547 0.320312 0.089844 0.132812
0 0.583984 0.261719 0.089844 0.117188
0 0.722656 0.253906 0.125000 0.109375
0 0.042969 0.234375 0.085938 0.101562
0 0.472656 0.222656 0.093750 0.101562
0 0.357422 0.177734 0.128906 0.128906
0 0.669922 0.144531 0.074219 0.101562
0 0.980469 0.128906 0.039062 0.078125
0 0.132812 0.144531 0.117188 0.140625
0 0.023438 0.095703 0.046875 0.058594
0 0.281250 0.070312 0.078125 0.125000
0 0.472656 0.050781 0.109375 0.093750
0 0.960938 0.048828 0.078125 0.097656
0 0.103516 0.015625 0.066406 0.031250