0 0.701172 0.980469 0.128906 0.039062
0 0.335938 0.962891 0.109375 0.074219
0 0.966797 0.960938 0.066406 0.078125
0 0.550781 0.947266 0.109375 0.097656
0 0.384766 0.861328 0.121094 0.121094
0 0.953125 0.849609 0.093750 0.105469
0 0.763672 0.820312 0.128906 0.101562
0 0.625000 0.783203 0.046875 0.066406
0 0.029297 0.796875 0.058594 0.125000
0 0.947266 0.724609 0.074219 0.082031
0 0.316406 0.726562 0.125000 0.109375
0 0.642578 0.695312 0.066406 0.070312
0 0.177734 0.714844 0.128906 0.140625
0 0.822266 0.699219 0.105469 0.140625
0 0.054688 0.679688 0.085938 0.109375
0 0.566406 0.652344 0.085938 0.085938
0 0.923828 0.625000 0.066406 0.085938
0 0.150391 0.601562 0.058594 0.062500
0 0.361328 0.591797 0.121094 0.074219
0 0.632812 0.578125 0.085938 0.101562
0 0.953125 0.515625 0.093750 0.085938
0 0.037109 0.527344 0.074219 0.109375
0 0.535156 0.505859 0.070312 0.097656
0 0.441406 0.498047 0.078125 0.082031
0 0.798828 0.509766 0.105469 0.113281
0 0.164062 0.482422 0.109375 0.113281
0 0.300781 0.480469 0.125000 0.140625
0 0.902344 0.386719 0.046875 0.046875
0 0.601562 0.373047 0.085938 0.097656
0 0.300781 0.341797 0.070312 0.058594
0 0.808594 0.353516 0.078125 0.113281
0 0.164062 0.328125 0.109375 0.070312
0 0.457031 0.355469 0.140625 0.148438
0 0.935547 0.291016 0.113281 0.113281
0 0.822266 0.226562 0.058594 0.070312
0 0.732422 0.251953 0.089844 0.128906
0 0.625000 0.216797 0.093750 0.066406
0 0.074219 0.191406 0.085938 0.093750
0 0.359375 0.169922 0.085938 0.058594
0 0.910156 0.171875 0.109375 0.101562
0 0.642578 0.121094 0.089844 0.078125
0 0.171875 0.111328 0.078125 0.097656
0 0.527344 0.080078 0.101562 0.089844
0 0.753906 0.089844 0.101562 0.125000
0 0.296875 0.080078 0.109375 0.113281
0 0.427734 0.054688 0.082031 0.085938
0 0.878906 0.058594 0.109375 0.117188
0 0.648438 0.017578 0.117188 0.035156
0 0.212891 0.029297 0.089844 0.058594
0 0.115234 0.023438 0.058594 0.046875
0 0.037109 0.050781 0.074219 0.101562