0 0.751953 0.974609 0.050781 0.050781
0 0.423828 0.970703 0.074219 0.058594
0 0.652344 0.966797 0.109375 0.066406
0 0.533203 0.957031 0.066406 0.062500
0 0.732422 0.916016 0.050781 0.050781
0 0.808594 0.869141 0.070312 0.058594
0 0.716797 0.855469 0.042969 0.039062
0 0.125000 0.849609 0.078125 0.050781
0 0.962891 0.847656 0.074219 0.085938
0 0.867188 0.839844 0.046875 0.070312
0 0.662109 0.828125 0.058594 0.062500
0 0.974609 0.806641 0.050781 0.027344
0 0.197266 0.798828 0.082031 0.066406
0 0.712891 0.767578 0.042969 0.066406
0 0.812500 0.757812 0.070312 0.062500
0 0.087891 0.740234 0.058594 0.050781
0 0.015625 0.738281 0.031250 0.070312
0 0.042969 0.673828 0.078125 0.050781
0 0.580078 0.662109 0.074219 0.066406
0 0.683594 0.669922 0.054688 0.089844
0 0.808594 0.609375 0.054688 0.070312
0 0.906250 0.603516 0.054688 0.066406
0 0.476562 0.580078 0.078125 0.058594
0 0.611328 0.564453 0.097656 0.097656
0 0.507812 0.517578 0.054688 0.074219
0 0.730469 0.515625 0.093750 0.093750
0 0.800781 0.458984 0.078125 0.082031
0 0.894531 0.453125 0.070312 0.078125
0 0.458984 0.435547 0.050781 0.058594
0 0.976562 0.451172 0.046875 0.097656
0 0.621094 0.443359 0.085938 0.082031
0 0.697266 0.410156 0.042969 0.054688
0 0.320312 0.353516 0.046875 0.074219
0 0.414062 0.355469 0.078125 0.093750
0 0.750000 0.339844 0.070312 0.093750
0 0.541016 0.341797 0.121094 0.113281
0 0.664062 0.324219 0.070312 0.085938
0 0.935547 0.320312 0.089844 0.132812
0 0.306641 0.238281 0.058594 0.070312
0 0.771484 0.234375 0.128906 0.101562
0 0.630859 0.222656 0.066406 0.093750
0 0.507812 0.220703 0.117188 0.113281
0 0.882812 0.144531 0.117188 0.140625
0 0.757812 0.095703 0.078125 0.058594
0 0.306641 0.074219 0.113281 0.109375
0 0.462891 0.048828 0.082031 0.082031
0 0.853516 0.015625 0.066406 0.031250
0 0.689453 0.025391 0.121094 0.050781
0 0.240234 0.017578 0.074219 0.035156