0 0.732422 0.976562 0.097656 0.046875
0 0.228516 0.964844 0.113281 0.070312
0 0.066406 0.964844 0.078125 0.070312
0 0.445312 0.960938 0.140625 0.078125
0 0.585938 0.935547 0.093750 0.113281
0 0.830078 0.908203 0.121094 0.082031
0 0.470703 0.865234 0.074219 0.050781
0 0.373047 0.847656 0.042969 0.070312
0 0.041016 0.853516 0.082031 0.113281
0 0.283203 0.826172 0.082031 0.089844
0 0.693359 0.835938 0.152344 0.156250
0 0.511719 0.781250 0.109375 0.085938
0 0.253906 0.744141 0.085938 0.066406
0 0.355469 0.728516 0.085938 0.097656
0 0.755859 0.712891 0.066406 0.082031
0 0.853516 0.708984 0.089844 0.105469
0 0.039062 0.703125 0.078125 0.132812
0 0.615234 0.656250 0.058594 0.070312
0 0.208984 0.646484 0.105469 0.113281
0 0.472656 0.640625 0.132812 0.117188
0 0.730469 0.621094 0.085938 0.125000
0 0.333984 0.589844 0.089844 0.125000
0 0.960938 0.531250 0.054688 0.078125
0 0.621094 0.517578 0.109375 0.113281
0 0.052734 0.494141 0.058594 0.082031
0 0.253906 0.505859 0.070312 0.113281
0 0.146484 0.500000 0.089844 0.140625
0 0.470703 0.482422 0.121094 0.167969
0 0.976562 0.423828 0.046875 0.066406
0 0.066406 0.402344 0.046875 0.046875
0 0.011719 0.412109 0.023438 0.089844
0 0.759766 0.431641 0.105469 0.152344
0 0.568359 0.406250 0.066406 0.101562
0 0.902344 0.369141 0.093750 0.113281
0 0.156250 0.335938 0.070312 0.054688
0 0.291016 0.371094 0.097656 0.132812
0 0.812500 0.292969 0.046875 0.039062
0 0.423828 0.330078 0.105469 0.128906
0 0.589844 0.294922 0.132812 0.105469
0 0.769531 0.244141 0.046875 0.058594
0 0.343750 0.257812 0.070312 0.085938
0 0.841797 0.240234 0.050781 0.058594
0 0.394531 0.193359 0.093750 0.042969
0 0.246094 0.214844 0.125000 0.085938
0 0.660156 0.212891 0.078125 0.089844
0 0.537109 0.169922 0.121094 0.097656
0 0.417969 0.123047 0.093750 0.066406
0 0.728516 0.113281 0.066406 0.101562
0 0.207031 0.099609 0.101562 0.105469
0 0.830078 0.099609 0.097656 0.113281
0 0.494141 0.064453 0.074219 0.058594
0 0.039062 0.070312 0.078125 0.101562
0 0.621094 0.046875 0.101562 0.093750