0 0.671875 0.976562 0.093750 0.046875
0 0.552734 0.972656 0.082031 0.054688
0 0.787109 0.957031 0.066406 0.085938
0 0.896484 0.916016 0.082031 0.097656
0 0.447266 0.912109 0.167969 0.105469
0 0.257812 0.880859 0.093750 0.082031
0 0.699219 0.876953 0.093750 0.082031
0 0.591797 0.886719 0.082031 0.109375
0 0.785156 0.869141 0.062500 0.082031
0 0.968750 0.839844 0.062500 0.093750
0 0.373047 0.794922 0.074219 0.089844
0 0.855469 0.794922 0.101562 0.097656
0 0.632812 0.789062 0.070312 0.085938
0 0.212891 0.791016 0.082031 0.113281
0 0.716797 0.767578 0.066406 0.097656
0 0.500000 0.779297 0.132812 0.121094
0 0.826172 0.703125 0.042969 0.039062
0 0.943359 0.712891 0.074219 0.089844
0 0.589844 0.689453 0.062500 0.050781
0 0.375000 0.699219 0.101562 0.101562
0 0.019531 0.691406 0.039062 0.085938
0 0.648438 0.669922 0.046875 0.074219
0 0.136719 0.683594 0.078125 0.109375
0 0.976562 0.634766 0.046875 0.066406
0 0.744141 0.634766 0.128906 0.105469
0 0.599609 0.603516 0.074219 0.089844
0 0.664062 0.566406 0.054688 0.054688
0 0.457031 0.585938 0.109375 0.101562
0 0.933594 0.568359 0.054688 0.082031
0 0.281250 0.599609 0.132812 0.144531
0 0.746094 0.531250 0.101562 0.078125
0 0.576172 0.519531 0.066406 0.070312
0 0.156250 0.531250 0.093750 0.125000
0 0.376953 0.482422 0.082031 0.089844
0 0.267578 0.451172 0.089844 0.082031
0 0.078125 0.429688 0.046875 0.078125
0 0.591797 0.433594 0.113281 0.093750
0 0.968750 0.417969 0.054688 0.085938
0 0.863281 0.435547 0.117188 0.136719
0 0.720703 0.400391 0.105469 0.121094
0 0.191406 0.357422 0.101562 0.121094
0 0.568359 0.324219 0.113281 0.085938
0 0.943359 0.291016 0.113281 0.082031
0 0.355469 0.322266 0.125000 0.160156
0 0.708984 0.263672 0.136719 0.089844
0 0.492188 0.251953 0.093750 0.082031
0 0.621094 0.222656 0.070312 0.054688
0 0.248047 0.220703 0.058594 0.074219
0 0.552734 0.193359 0.089844 0.097656
0 0.957031 0.179688 0.085938 0.125000
0 0.431641 0.158203 0.097656 0.089844
0 0.136719 0.156250 0.109375 0.140625
0 0.779297 0.142578 0.113281 0.136719
0 0.535156 0.074219 0.054688 0.070312
0 0.308594 0.072266 0.093750 0.121094
0 0.611328 0.044922 0.058594 0.082031
0 0.947266 0.039062 0.105469 0.078125
0 0.724609 0.033203 0.105469 0.066406
0 0.455078 0.029297 0.121094 0.058594
0 0.164062 0.017578 0.109375 0.035156
0 0.035156 0.015625 0.070312 0.031250