0 0.332031 0.972656 0.085938 0.054688
0 0.191406 0.970703 0.132812 0.058594
0 0.984375 0.966797 0.031250 0.066406
0 0.025391 0.939453 0.050781 0.082031
0 0.238281 0.916016 0.085938 0.066406
0 0.443359 0.914062 0.105469 0.117188
0 0.634766 0.925781 0.121094 0.148438
0 0.886719 0.906250 0.109375 0.140625
0 0.189453 0.861328 0.066406 0.050781
0 0.095703 0.878906 0.082031 0.093750
0 0.326172 0.835938 0.082031 0.132812
0 0.527344 0.798828 0.109375 0.097656
0 0.019531 0.806641 0.039062 0.128906
0 0.195312 0.785156 0.085938 0.093750
0 0.097656 0.763672 0.054688 0.089844
0 0.787109 0.736328 0.082031 0.089844
0 0.914062 0.730469 0.132812 0.109375
0 0.396484 0.738281 0.113281 0.164062
0 0.265625 0.716797 0.070312 0.121094
0 0.158203 0.675781 0.042969 0.054688
0 0.638672 0.712891 0.121094 0.191406
0 0.822266 0.625000 0.066406 0.101562
0 0.089844 0.623047 0.085938 0.113281
0 0.492188 0.621094 0.070312 0.117188
0 0.744141 0.560547 0.058594 0.035156
0 0.904297 0.574219 0.082031 0.093750
0 0.986328 0.546875 0.027344 0.070312
0 0.203125 0.562500 0.140625 0.117188
0 0.933594 0.490234 0.093750 0.050781
0 0.732422 0.492188 0.058594 0.085938
0 0.830078 0.496094 0.074219 0.101562
0 0.039062 0.488281 0.078125 0.109375
0 0.396484 0.455078 0.089844 0.097656
0 0.167969 0.406250 0.148438 0.117188
0 0.292969 0.384766 0.062500 0.082031
0 0.697266 0.369141 0.058594 0.074219
0 0.941406 0.392578 0.117188 0.128906
0 0.808594 0.353516 0.109375 0.128906
0 0.951172 0.291016 0.074219 0.042969
0 0.486328 0.322266 0.089844 0.121094
0 0.625000 0.298828 0.062500 0.097656
0 0.027344 0.300781 0.054688 0.117188
0 0.699219 0.277344 0.054688 0.078125
0 0.316406 0.269531 0.078125 0.109375
0 0.189453 0.279297 0.089844 0.128906
0 0.892578 0.236328 0.066406 0.082031
0 0.382812 0.224609 0.054688 0.089844
0 0.773438 0.222656 0.101562 0.101562
0 0.970703 0.203125 0.058594 0.109375
0 0.607422 0.193359 0.074219 0.105469
0 0.027344 0.109375 0.039062 0.054688
0 0.146484 0.126953 0.136719 0.105469
0 0.849609 0.134766 0.082031 0.128906
0 0.410156 0.101562 0.117188 0.085938
0 0.742188 0.103516 0.070312 0.113281
0 0.955078 0.080078 0.089844 0.089844
0 0.291016 0.064453 0.089844 0.066406
0 0.630859 0.058594 0.105469 0.085938
0 0.429688 0.015625 0.093750 0.031250
0 0.210938 0.017578 0.109375 0.035156
0 0.109375 0.027344 0.062500 0.054688