0 0.638672 0.990234 0.066406 0.019531
0 0.800781 0.986328 0.085938 0.027344
0 0.244141 0.982422 0.089844 0.035156
0 0.121094 0.978516 0.093750 0.042969
0 0.953125 0.960938 0.070312 0.078125
0 0.449219 0.960938 0.101562 0.078125
0 0.681641 0.937500 0.066406 0.078125
0 0.580078 0.939453 0.066406 0.089844
0 0.318359 0.919922 0.105469 0.074219
0 0.474609 0.892578 0.082031 0.066406
0 0.197266 0.892578 0.097656 0.105469
0 0.767578 0.894531 0.097656 0.125000
0 0.447266 0.828125 0.058594 0.062500
0 0.562500 0.833984 0.109375 0.089844
0 0.931641 0.822266 0.136719 0.113281
0 0.369141 0.796875 0.097656 0.093750
0 0.263672 0.785156 0.089844 0.101562
0 0.748047 0.761719 0.074219 0.078125
0 0.826172 0.751953 0.066406 0.066406
0 0.474609 0.746094 0.082031 0.078125
0 0.162109 0.761719 0.097656 0.132812
0 0.035156 0.716797 0.070312 0.066406
0 0.626953 0.734375 0.121094 0.117188
0 0.783203 0.681641 0.058594 0.050781
0 0.380859 0.687500 0.089844 0.093750
0 0.300781 0.673828 0.062500 0.074219
0 0.707031 0.648438 0.062500 0.062500
0 0.507812 0.654297 0.093750 0.097656
0 0.839844 0.640625 0.078125 0.078125
0 0.236328 0.636719 0.082031 0.085938
0 0.056641 0.623047 0.097656 0.066406
0 0.957031 0.613281 0.085938 0.085938
0 0.615234 0.601562 0.097656 0.085938
0 0.365234 0.587891 0.066406 0.066406
0 0.160156 0.593750 0.078125 0.078125
0 0.074219 0.537109 0.054688 0.042969
0 0.500000 0.546875 0.078125 0.078125
0 0.777344 0.544922 0.062500 0.082031
0 0.878906 0.527344 0.093750 0.109375
0 0.265625 0.521484 0.101562 0.113281
0 0.009766 0.501953 0.019531 0.082031
0 0.763672 0.447266 0.082031 0.066406
0 0.673828 0.480469 0.082031 0.140625
0 0.175781 0.460938 0.078125 0.125000
0 0.494141 0.437500 0.097656 0.101562
0 0.375000 0.447266 0.101562 0.136719
0 0.066406 0.439453 0.093750 0.144531
0 0.279297 0.398438 0.074219 0.101562
0 0.855469 0.386719 0.093750 0.125000
0 0.355469 0.330078 0.078125 0.066406
0 0.718750 0.355469 0.132812 0.125000
0 0.964844 0.404297 0.070312 0.230469
0 0.478516 0.330078 0.097656 0.097656
0 0.607422 0.285156 0.066406 0.093750
0 0.029297 0.273438 0.058594 0.117188
0 0.169922 0.287109 0.113281 0.152344
0 0.521484 0.230469 0.082031 0.093750
0 0.710938 0.220703 0.085938 0.097656
0 0.312500 0.222656 0.140625 0.117188
0 0.908203 0.226562 0.121094 0.140625
0 0.130859 0.167969 0.058594 0.054688
0 0.787109 0.136719 0.050781 0.062500
0 0.646484 0.119141 0.082031 0.089844
0 0.251953 0.093750 0.066406 0.078125
0 0.964844 0.083984 0.070312 0.089844
0 0.492188 0.087891 0.070312 0.105469
0 0.335938 0.044922 0.062500 0.066406
0 0.839844 0.050781 0.085938 0.085938
0 0.740234 0.042969 0.082031 0.085938
0 0.652344 0.013672 0.070312 0.027344
0 0.546875 0.023438 0.085938 0.046875
0 0.427734 0.019531 0.074219 0.039062
0 0.199219 0.017578 0.101562 0.035156
0 0.013672 0.023438 0.027344 0.046875