0 0.685547 0.974609 0.097656 0.050781
0 0.960938 0.964844 0.078125 0.070312
0 0.816406 0.964844 0.078125 0.070312
0 0.074219 0.949219 0.085938 0.085938
0 0.302734 0.951172 0.121094 0.097656
0 0.175781 0.939453 0.078125 0.089844
0 0.537109 0.933594 0.113281 0.132812
0 0.685547 0.865234 0.050781 0.066406
0 0.232422 0.833984 0.066406 0.066406
0 0.777344 0.853516 0.109375 0.113281
0 0.437500 0.835938 0.093750 0.085938
0 0.021484 0.830078 0.042969 0.089844
0 0.587891 0.802734 0.082031 0.074219
0 0.980469 0.748047 0.039062 0.058594
0 0.607422 0.720703 0.066406 0.050781
0 0.472656 0.730469 0.101562 0.078125
0 0.089844 0.738281 0.078125 0.101562
0 0.312500 0.712891 0.117188 0.113281
0 0.199219 0.691406 0.093750 0.101562
0 0.775391 0.703125 0.105469 0.132812
0 0.023438 0.664062 0.046875 0.093750
0 0.953125 0.646484 0.093750 0.113281
0 0.363281 0.640625 0.093750 0.117188
0 0.710938 0.585938 0.070312 0.078125
0 0.226562 0.572266 0.070312 0.066406
0 0.132812 0.583984 0.078125 0.089844
0 0.521484 0.583984 0.152344 0.113281
0 0.658203 0.515625 0.082031 0.054688
0 0.080078 0.515625 0.042969 0.062500
0 0.142578 0.500000 0.058594 0.054688
0 0.802734 0.494141 0.058594 0.082031
0 0.984375 0.505859 0.031250 0.113281
0 0.896484 0.500000 0.089844 0.140625
0 0.089844 0.441406 0.054688 0.070312
0 0.437500 0.447266 0.101562 0.121094
0 0.816406 0.402344 0.046875 0.046875
0 0.722656 0.423828 0.101562 0.113281
0 0.207031 0.431641 0.078125 0.128906
0 0.582031 0.419922 0.125000 0.136719
0 0.029297 0.378906 0.058594 0.101562
0 0.121094 0.367188 0.078125 0.109375
0 0.906250 0.335938 0.070312 0.054688
0 0.455078 0.306641 0.144531 0.113281
0 0.232422 0.283203 0.074219 0.082031
0 0.033203 0.275391 0.066406 0.074219
0 0.691406 0.275391 0.148438 0.128906
0 0.335938 0.218750 0.109375 0.085938
0 0.966797 0.214844 0.066406 0.085938
0 0.550781 0.197266 0.109375 0.097656
0 0.384766 0.111328 0.121094 0.121094
0 0.953125 0.099609 0.093750 0.105469
0 0.763672 0.070312 0.128906 0.101562
0 0.625000 0.033203 0.046875 0.066406
0 0.314453 0.015625 0.105469 0.031250
0 0.175781 0.017578 0.109375 0.035156
0 0.029297 0.054688 0.058594 0.109375