0 0.550781 0.976562 0.046875 0.046875
0 0.658203 0.974609 0.105469 0.050781
0 0.937500 0.970703 0.125000 0.058594
0 0.335938 0.970703 0.070312 0.058594
0 0.755859 0.939453 0.089844 0.082031
0 0.972656 0.916016 0.054688 0.066406
0 0.335938 0.906250 0.085938 0.046875
0 0.460938 0.916016 0.070312 0.105469
0 0.939453 0.861328 0.066406 0.050781
0 0.845703 0.878906 0.082031 0.093750
0 0.419922 0.826172 0.074219 0.066406
0 0.595703 0.853516 0.113281 0.128906
0 0.226562 0.833984 0.070312 0.113281
0 0.328125 0.802734 0.093750 0.066406
0 0.501953 0.792969 0.074219 0.070312
0 0.021484 0.789062 0.042969 0.078125
0 0.945312 0.785156 0.085938 0.093750
0 0.732422 0.802734 0.113281 0.136719
0 0.113281 0.787109 0.117188 0.128906
0 0.847656 0.763672 0.054688 0.089844
0 0.423828 0.750000 0.089844 0.062500
0 0.990234 0.716797 0.019531 0.097656
0 0.533203 0.701172 0.074219 0.089844
0 0.908203 0.675781 0.042969 0.054688
0 0.271484 0.701172 0.097656 0.128906
0 0.626953 0.687500 0.082031 0.109375
0 0.740234 0.619141 0.058594 0.058594
0 0.429688 0.625000 0.117188 0.109375
0 0.111328 0.628906 0.105469 0.117188
0 0.839844 0.623047 0.085938 0.113281
0 0.683594 0.595703 0.070312 0.089844
0 0.234375 0.591797 0.070312 0.082031
0 0.572266 0.591797 0.066406 0.097656
0 0.941406 0.562500 0.117188 0.117188
0 0.632812 0.503906 0.101562 0.117188
0 0.769531 0.486328 0.117188 0.113281
0 0.917969 0.406250 0.148438 0.117188
0 0.666016 0.376953 0.074219 0.066406
0 0.556641 0.365234 0.097656 0.066406
0 0.751953 0.300781 0.105469 0.117188
0 0.511719 0.275391 0.109375 0.082031
0 0.939453 0.279297 0.089844 0.128906
0 0.115234 0.230469 0.066406 0.062500
0 0.220703 0.232422 0.089844 0.128906
0 0.427734 0.203125 0.097656 0.078125
0 0.599609 0.214844 0.097656 0.125000
0 0.513672 0.185547 0.042969 0.066406
0 0.052734 0.160156 0.066406 0.078125
0 0.316406 0.154297 0.117188 0.082031
0 0.777344 0.109375 0.039062 0.054688
0 0.896484 0.126953 0.136719 0.105469
0 0.501953 0.087891 0.105469 0.113281
0 0.953125 0.017578 0.093750 0.035156
0 0.859375 0.027344 0.062500 0.054688
0 0.712891 0.039062 0.097656 0.078125
0 0.583984 0.025391 0.050781 0.050781
0 0.414062 0.037109 0.078125 0.074219
0 0.339844 0.017578 0.078125 0.035156