0 0.740234 0.980469 0.042969 0.039062
0 0.582031 0.941406 0.046875 0.062500
0 0.242188 0.898438 0.046875 0.062500
0 0.173828 0.886719 0.050781 0.046875
0 0.695312 0.888672 0.046875 0.066406
0 0.136719 0.820312 0.046875 0.046875
0 0.294922 0.818359 0.050781 0.050781
0 0.970703 0.833984 0.058594 0.113281
0 0.646484 0.798828 0.035156 0.074219
0 0.753906 0.789062 0.078125 0.078125
0 0.863281 0.787109 0.117188 0.128906
0 0.986328 0.710938 0.027344 0.101562
0 0.642578 0.699219 0.042969 0.093750
0 0.574219 0.666016 0.023438 0.058594
0 0.027344 0.621094 0.039062 0.039062
0 0.861328 0.628906 0.105469 0.117188
0 0.720703 0.601562 0.074219 0.070312
0 0.560547 0.587891 0.035156 0.050781
0 0.242188 0.593750 0.078125 0.062500
0 0.974609 0.591797 0.050781 0.082031
0 0.082031 0.583984 0.085938 0.074219
0 0.611328 0.574219 0.035156 0.070312
0 0.542969 0.480469 0.039062 0.062500
0 0.541016 0.414062 0.042969 0.039062
0 0.558594 0.361328 0.046875 0.042969
0 0.189453 0.378906 0.066406 0.101562
0 0.072266 0.382812 0.121094 0.109375
0 0.517578 0.310547 0.042969 0.050781
0 0.236328 0.316406 0.105469 0.101562
0 0.048828 0.273438 0.097656 0.101562
0 0.865234 0.230469 0.066406 0.062500
0 0.203125 0.212891 0.070312 0.082031
0 0.962891 0.232422 0.074219 0.128906
0 0.464844 0.210938 0.062500 0.085938
0 0.802734 0.160156 0.066406 0.078125
0 0.423828 0.136719 0.035156 0.039062
0 0.332031 0.128906 0.062500 0.085938
0 0.033203 0.144531 0.066406 0.125000
0 0.429688 0.074219 0.039062 0.039062
0 0.185547 0.072266 0.144531 0.113281
0 0.501953 0.039062 0.058594 0.078125
0 0.355469 0.039062 0.085938 0.078125
0 0.076172 0.017578 0.066406 0.035156
0 0.017578 0.025391 0.035156 0.050781