0 0.796875 0.984375 0.054688 0.031250
0 0.601562 0.964844 0.093750 0.070312
0 0.945312 0.960938 0.078125 0.078125
0 0.046875 0.935547 0.085938 0.089844
0 0.798828 0.908203 0.082031 0.089844
0 0.974609 0.867188 0.050781 0.070312
0 0.263672 0.884766 0.121094 0.128906
0 0.875000 0.853516 0.078125 0.074219
0 0.550781 0.851562 0.101562 0.070312
0 0.033203 0.812500 0.066406 0.117188
0 0.974609 0.761719 0.050781 0.070312
0 0.642578 0.748047 0.074219 0.097656
0 0.900391 0.742188 0.097656 0.101562
0 0.083984 0.707031 0.097656 0.125000
0 0.230469 0.679688 0.109375 0.093750
0 0.177734 0.611328 0.042969 0.058594
0 0.974609 0.591797 0.050781 0.066406
0 0.712891 0.613281 0.097656 0.109375
0 0.039062 0.582031 0.078125 0.085938
0 0.570312 0.583984 0.078125 0.097656
0 0.904297 0.554688 0.035156 0.062500
0 0.335938 0.548828 0.054688 0.050781
0 0.806641 0.552734 0.089844 0.074219
0 0.208984 0.541016 0.066406 0.066406
0 0.730469 0.484375 0.062500 0.070312
0 0.595703 0.466797 0.097656 0.058594
0 0.908203 0.464844 0.058594 0.085938
0 0.972656 0.437500 0.046875 0.039062
0 0.207031 0.433594 0.117188 0.062500
0 0.332031 0.419922 0.093750 0.050781
0 0.480469 0.416016 0.085938 0.058594
0 0.103516 0.414062 0.066406 0.062500
0 0.830078 0.408203 0.066406 0.058594
0 0.166016 0.353516 0.089844 0.058594
0 0.697266 0.353516 0.074219 0.066406
0 0.914062 0.349609 0.101562 0.097656
0 0.392578 0.316406 0.042969 0.039062
0 0.279297 0.330078 0.097656 0.105469
0 0.183594 0.283203 0.062500 0.058594
0 0.056641 0.263672 0.082031 0.097656
0 0.884766 0.240234 0.050781 0.066406
0 0.955078 0.240234 0.066406 0.074219
0 0.568359 0.281250 0.152344 0.171875
0 0.818359 0.232422 0.058594 0.082031
0 0.310547 0.207031 0.066406 0.039062
0 0.205078 0.199219 0.074219 0.039062
0 0.123047 0.185547 0.042969 0.035156
0 0.947266 0.171875 0.058594 0.046875
0 0.244141 0.128906 0.074219 0.062500
0 0.851562 0.138672 0.101562 0.097656
0 0.396484 0.142578 0.074219 0.113281
0 0.019531 0.095703 0.039062 0.058594
0 0.140625 0.087891 0.078125 0.082031
0 0.486328 0.087891 0.066406 0.089844
0 0.955078 0.058594 0.089844 0.093750
0 0.636719 0.050781 0.093750 0.093750
0 0.869141 0.031250 0.082031 0.062500
0 0.744141 0.037109 0.074219 0.074219
0 0.425781 0.029297 0.078125 0.058594
0 0.208984 0.031250 0.050781 0.062500