0 0.556641 0.988281 0.074219 0.023438
0 0.687500 0.957031 0.101562 0.085938
0 0.273438 0.947266 0.054688 0.066406
0 0.824219 0.949219 0.085938 0.085938
0 0.466797 0.939453 0.136719 0.074219
0 0.925781 0.939453 0.078125 0.089844
0 0.107422 0.943359 0.121094 0.097656
0 0.460938 0.882812 0.039062 0.039062
0 0.613281 0.886719 0.085938 0.093750
0 0.011719 0.882812 0.023438 0.085938
0 0.404297 0.855469 0.050781 0.054688
0 0.189453 0.859375 0.058594 0.093750
0 0.292969 0.847656 0.062500 0.078125
0 0.974609 0.833984 0.050781 0.066406
0 0.748047 0.832031 0.089844 0.093750
0 0.226562 0.792969 0.046875 0.054688
0 0.373047 0.781250 0.066406 0.062500
0 0.058594 0.765625 0.117188 0.125000
0 0.839844 0.738281 0.078125 0.101562
0 0.664062 0.746094 0.093750 0.125000
0 0.511719 0.744141 0.171875 0.128906
0 0.949219 0.691406 0.093750 0.101562
0 0.763672 0.664062 0.066406 0.093750
0 0.386719 0.658203 0.109375 0.097656
0 0.257812 0.648438 0.070312 0.085938
0 0.070312 0.634766 0.078125 0.058594
0 0.177734 0.605469 0.113281 0.093750
0 0.970703 0.572266 0.058594 0.066406
0 0.882812 0.583984 0.078125 0.089844
0 0.501953 0.585938 0.113281 0.132812
0 0.642578 0.562500 0.097656 0.125000
0 0.830078 0.515625 0.042969 0.062500
0 0.031250 0.509766 0.039062 0.058594
0 0.105469 0.500000 0.039062 0.046875
0 0.892578 0.500000 0.058594 0.054688
0 0.312500 0.517578 0.140625 0.113281
0 0.839844 0.441406 0.054688 0.070312
0 0.523438 0.431641 0.070312 0.082031
0 0.269531 0.402344 0.101562 0.062500
0 0.957031 0.431641 0.078125 0.128906
0 0.144531 0.414062 0.085938 0.101562
0 0.744141 0.376953 0.128906 0.105469
0 0.410156 0.373047 0.140625 0.105469
0 0.871094 0.367188 0.078125 0.109375
0 0.533203 0.320312 0.082031 0.070312
0 0.015625 0.330078 0.031250 0.089844
0 0.111328 0.291016 0.074219 0.074219
0 0.607422 0.287109 0.105469 0.082031
0 0.972656 0.283203 0.054688 0.082031
0 0.759766 0.275391 0.113281 0.074219
0 0.226562 0.285156 0.117188 0.140625
0 0.123047 0.187500 0.066406 0.070312
0 0.496094 0.189453 0.085938 0.105469
0 0.648438 0.146484 0.132812 0.089844
0 0.136719 0.074219 0.039062 0.031250
0 0.095703 0.044922 0.035156 0.042969
0 0.443359 0.052734 0.074219 0.066406
0 0.181641 0.027344 0.035156 0.039062
0 0.925781 0.017578 0.109375 0.035156
0 0.751953 0.054688 0.113281 0.109375
0 0.558594 0.042969 0.179688 0.085938
0 0.250000 0.019531 0.054688 0.039062