0 0.294922 0.980469 0.089844 0.039062
0 0.205078 0.976562 0.089844 0.046875
0 0.023438 0.970703 0.046875 0.058594
0 0.910156 0.962891 0.046875 0.066406
0 0.818359 0.957031 0.105469 0.085938
0 0.488281 0.957031 0.109375 0.085938
0 0.210938 0.929688 0.039062 0.039062
0 0.978516 0.929688 0.042969 0.078125
0 0.277344 0.904297 0.046875 0.066406
0 0.175781 0.884766 0.062500 0.089844
0 0.355469 0.884766 0.093750 0.097656
0 0.074219 0.894531 0.093750 0.117188
0 0.267578 0.818359 0.121094 0.074219
0 0.902344 0.796875 0.093750 0.062500
0 0.009766 0.798828 0.019531 0.074219
0 0.373047 0.767578 0.082031 0.089844
0 0.140625 0.767578 0.148438 0.113281
0 0.984375 0.728516 0.031250 0.074219
0 0.527344 0.697266 0.117188 0.121094
0 0.333984 0.648438 0.097656 0.093750
0 0.681641 0.679688 0.121094 0.171875
0 0.451172 0.615234 0.050781 0.058594
0 0.986328 0.623047 0.027344 0.089844
0 0.810547 0.554688 0.113281 0.085938
0 0.119141 0.533203 0.113281 0.097656
0 0.242188 0.535156 0.070312 0.117188
0 0.507812 0.492188 0.078125 0.085938
0 0.386719 0.519531 0.109375 0.148438
0 0.662109 0.464844 0.097656 0.125000
0 0.794922 0.384766 0.074219 0.097656
0 0.076172 0.378906 0.113281 0.085938
0 0.275391 0.373047 0.105469 0.144531
0 0.130859 0.314453 0.035156 0.042969
0 0.962891 0.337891 0.074219 0.105469
0 0.447266 0.351562 0.128906 0.132812
0 0.843750 0.275391 0.070312 0.089844
0 0.724609 0.283203 0.121094 0.121094
0 0.031250 0.275391 0.062500 0.128906
0 0.386719 0.253906 0.101562 0.101562
0 0.595703 0.226562 0.074219 0.109375
0 0.166016 0.230469 0.097656 0.140625
0 0.283203 0.185547 0.074219 0.089844
0 0.906250 0.185547 0.070312 0.097656
0 0.421875 0.142578 0.070312 0.042969
0 0.527344 0.146484 0.054688 0.058594
0 0.970703 0.132812 0.058594 0.070312