0 0.583984 0.986328 0.082031 0.027344
0 0.697266 0.978516 0.089844 0.042969
0 0.787109 0.970703 0.058594 0.058594
0 0.519531 0.962891 0.093750 0.074219
0 0.400391 0.962891 0.121094 0.074219
0 0.908203 0.955078 0.121094 0.089844
0 0.160156 0.953125 0.117188 0.093750
0 0.986328 0.935547 0.027344 0.074219
0 0.037109 0.886719 0.050781 0.062500
0 0.777344 0.878906 0.070312 0.085938
0 0.699219 0.871094 0.039062 0.070312
0 0.623047 0.867188 0.066406 0.101562
0 0.857422 0.845703 0.066406 0.089844
0 0.529297 0.835938 0.066406 0.070312
0 0.242188 0.833984 0.125000 0.089844
0 0.378906 0.828125 0.085938 0.085938
0 0.701172 0.794922 0.050781 0.042969
0 0.089844 0.800781 0.085938 0.085938
0 0.470703 0.783203 0.074219 0.082031
0 0.759766 0.761719 0.042969 0.046875
0 0.015625 0.783203 0.031250 0.105469
0 0.925781 0.773438 0.117188 0.093750
0 0.656250 0.738281 0.046875 0.054688
0 0.833984 0.724609 0.035156 0.050781
0 0.787109 0.716797 0.035156 0.074219
0 0.601562 0.707031 0.062500 0.054688
0 0.515625 0.714844 0.070312 0.085938
0 0.195312 0.707031 0.117188 0.078125
0 0.751953 0.683594 0.035156 0.046875
0 0.353516 0.705078 0.066406 0.089844
0 0.062500 0.693359 0.085938 0.082031
0 0.664062 0.667969 0.070312 0.062500
0 0.955078 0.677734 0.082031 0.097656
0 0.404297 0.662109 0.074219 0.066406
0 0.716797 0.640625 0.027344 0.039062
0 0.884766 0.611328 0.066406 0.082031
0 0.291016 0.617188 0.074219 0.093750
0 0.187500 0.611328 0.078125 0.082031
0 0.740234 0.587891 0.042969 0.050781
0 0.988281 0.603516 0.023438 0.089844
0 0.476562 0.607422 0.085938 0.113281
0 0.662109 0.580078 0.066406 0.082031
0 0.826172 0.568359 0.050781 0.066406
0 0.574219 0.572266 0.070312 0.082031
0 0.388672 0.556641 0.066406 0.058594
0 0.134766 0.525391 0.050781 0.050781
0 0.751953 0.496094 0.042969 0.054688
0 0.046875 0.527344 0.093750 0.117188
0 0.310547 0.496094 0.089844 0.085938
0 0.582031 0.484375 0.078125 0.078125
0 0.486328 0.492188 0.097656 0.101562
0 0.808594 0.460938 0.039062 0.062500
0 0.917969 0.480469 0.101562 0.109375
0 0.675781 0.460938 0.070312 0.093750
0 0.132812 0.451172 0.101562 0.082031
0 0.017578 0.427734 0.035156 0.042969
0 0.353516 0.406250 0.082031 0.085938
0 0.439453 0.394531 0.058594 0.070312
0 0.861328 0.375000 0.097656 0.093750
0 0.597656 0.376953 0.070312 0.105469
0 0.941406 0.345703 0.054688 0.074219
0 0.042969 0.357422 0.085938 0.105469
0 0.248047 0.357422 0.097656 0.113281
0 0.521484 0.345703 0.066406 0.097656
0 0.160156 0.324219 0.054688 0.070312
0 0.753906 0.359375 0.093750 0.171875
0 0.880859 0.294922 0.074219 0.058594
0 0.660156 0.296875 0.054688 0.062500
0 0.953125 0.261719 0.093750 0.078125
0 0.705078 0.214844 0.097656 0.101562
0 0.507812 0.216797 0.109375 0.105469
0 0.064453 0.224609 0.121094 0.128906
0 0.830078 0.201172 0.113281 0.097656