0 0.955078 0.976562 0.089844 0.046875
0 0.525391 0.974609 0.066406 0.050781
0 0.759766 0.970703 0.074219 0.058594
0 0.037109 0.970703 0.058594 0.058594
0 0.960938 0.929688 0.039062 0.039062
0 0.158203 0.955078 0.121094 0.089844
0 0.267578 0.937500 0.089844 0.078125
0 0.470703 0.933594 0.066406 0.093750
0 0.343750 0.927734 0.054688 0.089844
0 0.593750 0.919922 0.109375 0.089844
0 0.925781 0.884766 0.062500 0.089844
0 0.710938 0.880859 0.101562 0.082031
0 0.824219 0.894531 0.093750 0.117188
0 0.031250 0.878906 0.062500 0.085938
0 0.324219 0.847656 0.054688 0.062500
0 0.408203 0.855469 0.066406 0.093750
0 0.107422 0.845703 0.066406 0.089844
0 0.978516 0.818359 0.042969 0.074219
0 0.287109 0.789062 0.066406 0.046875
0 0.734375 0.792969 0.070312 0.085938
0 0.503906 0.800781 0.109375 0.125000
0 0.015625 0.761719 0.031250 0.046875
0 0.363281 0.765625 0.054688 0.078125
0 0.175781 0.773438 0.117188 0.093750
0 0.890625 0.767578 0.148438 0.113281
0 0.589844 0.751953 0.070312 0.082031
0 0.083984 0.724609 0.035156 0.050781
0 0.037109 0.716797 0.035156 0.074219
0 0.296875 0.705078 0.078125 0.097656
0 0.447266 0.687500 0.121094 0.093750
0 0.205078 0.677734 0.082031 0.097656
0 0.541016 0.634766 0.050781 0.074219
0 0.332031 0.626953 0.039062 0.058594
0 0.673828 0.634766 0.082031 0.113281
0 0.134766 0.611328 0.066406 0.082031
0 0.574219 0.591797 0.046875 0.050781
0 0.255859 0.603516 0.058594 0.089844
0 0.431641 0.582031 0.058594 0.062500
0 0.373047 0.589844 0.042969 0.078125
0 0.076172 0.568359 0.050781 0.066406
0 0.869141 0.533203 0.113281 0.097656
0 0.605469 0.521484 0.078125 0.082031
0 0.978516 0.535156 0.042969 0.117188
0 0.392578 0.507812 0.082031 0.062500
0 0.500000 0.511719 0.093750 0.093750
0 0.306641 0.488281 0.058594 0.101562
0 0.726562 0.478516 0.085938 0.097656
0 0.058594 0.460938 0.039062 0.062500
0 0.167969 0.480469 0.101562 0.109375
0 0.576172 0.429688 0.089844 0.070312
0 0.470703 0.419922 0.058594 0.050781
0 0.384766 0.423828 0.058594 0.058594
0 0.826172 0.378906 0.113281 0.085938
0 0.111328 0.375000 0.097656 0.093750
0 0.658203 0.367188 0.097656 0.085938
0 0.451172 0.357422 0.074219 0.066406
0 0.294922 0.365234 0.074219 0.089844
0 0.986328 0.371094 0.027344 0.117188
0 0.191406 0.345703 0.054688 0.074219
0 0.880859 0.314453 0.035156 0.042969
0 0.025391 0.359375 0.050781 0.164062
0 0.130859 0.294922 0.074219 0.058594
0 0.542969 0.310547 0.085938 0.113281
0 0.333984 0.279297 0.042969 0.058594
0 0.205078 0.261719 0.097656 0.078125
0 0.757812 0.275391 0.109375 0.128906
0 0.412109 0.234375 0.074219 0.070312
0 0.916016 0.230469 0.097656 0.140625
0 0.636719 0.226562 0.117188 0.132812
0 0.080078 0.201172 0.113281 0.097656
0 0.312500 0.193359 0.093750 0.105469
0 0.498047 0.171875 0.089844 0.078125