0 0.960938 0.982422 0.078125 0.035156
0 0.208984 0.970703 0.089844 0.058594
0 0.449219 0.968750 0.132812 0.062500
0 0.638672 0.957031 0.121094 0.085938
0 0.873047 0.937500 0.066406 0.070312
0 0.339844 0.929688 0.070312 0.101562
0 0.593750 0.861328 0.085938 0.074219
0 0.886719 0.824219 0.039062 0.031250
0 0.505859 0.849609 0.066406 0.082031
0 0.285156 0.845703 0.085938 0.113281
0 0.845703 0.794922 0.035156 0.042969
0 0.931641 0.777344 0.035156 0.039062
0 0.091797 0.781250 0.082031 0.109375
0 0.417969 0.726562 0.078125 0.070312
0 0.824219 0.724609 0.062500 0.097656
0 0.921875 0.689453 0.046875 0.082031
0 0.712891 0.666016 0.042969 0.058594
0 0.185547 0.683594 0.074219 0.109375
0 0.771484 0.638672 0.050781 0.050781
0 0.054688 0.632812 0.109375 0.156250
0 0.705078 0.556641 0.058594 0.035156
0 0.380859 0.593750 0.121094 0.109375
0 0.171875 0.576172 0.078125 0.097656
0 0.865234 0.509766 0.066406 0.042969
0 0.037109 0.509766 0.074219 0.082031
0 0.556641 0.451172 0.074219 0.050781
0 0.181641 0.468750 0.074219 0.085938
0 0.650391 0.455078 0.089844 0.066406
0 0.726562 0.414062 0.031250 0.046875
0 0.931641 0.425781 0.089844 0.093750
0 0.687500 0.378906 0.054688 0.031250
0 0.576172 0.380859 0.058594 0.050781
0 0.435547 0.373047 0.042969 0.050781
0 0.044922 0.392578 0.089844 0.128906
0 0.906250 0.347656 0.039062 0.054688
0 0.474609 0.333984 0.050781 0.058594
0 0.798828 0.341797 0.097656 0.089844
0 0.697266 0.302734 0.074219 0.042969
0 0.611328 0.314453 0.082031 0.066406
0 0.953125 0.310547 0.054688 0.066406
0 0.751953 0.238281 0.050781 0.078125
0 0.423828 0.242188 0.074219 0.101562
0 0.652344 0.222656 0.109375 0.078125
0 0.533203 0.207031 0.066406 0.062500
0 0.732422 0.166016 0.050781 0.050781
0 0.808594 0.119141 0.070312 0.058594
0 0.716797 0.105469 0.042969 0.039062
0 0.125000 0.099609 0.078125 0.050781
0 0.962891 0.097656 0.074219 0.085938
0 0.867188 0.089844 0.046875 0.070312
0 0.662109 0.078125 0.058594 0.062500
0 0.974609 0.056641 0.050781 0.027344
0 0.197266 0.048828 0.082031 0.066406
0 0.812500 0.019531 0.070312 0.039062
0 0.712891 0.025391 0.042969 0.050781