0 0.216797 0.982422 0.089844 0.035156
0 0.123047 0.937500 0.066406 0.070312
0 0.496094 0.939453 0.085938 0.105469
0 0.648438 0.896484 0.132812 0.089844
0 0.136719 0.824219 0.039062 0.031250
0 0.095703 0.794922 0.035156 0.042969
0 0.443359 0.802734 0.074219 0.066406
0 0.181641 0.777344 0.035156 0.039062
0 0.250000 0.765625 0.054688 0.046875
0 0.751953 0.796875 0.113281 0.125000
0 0.562500 0.755859 0.187500 0.160156
0 0.074219 0.724609 0.062500 0.097656
0 0.171875 0.689453 0.046875 0.082031
0 0.927734 0.714844 0.128906 0.140625
0 0.804688 0.679688 0.085938 0.109375
0 0.023438 0.638672 0.046875 0.050781
0 0.287109 0.648438 0.089844 0.085938
0 0.900391 0.601562 0.058594 0.062500
0 0.675781 0.566406 0.054688 0.085938
0 0.302734 0.517578 0.042969 0.050781
0 0.115234 0.509766 0.066406 0.042969
0 0.783203 0.527344 0.082031 0.109375
0 0.357422 0.482422 0.042969 0.066406
0 0.255859 0.470703 0.058594 0.050781
0 0.914062 0.482422 0.109375 0.113281
0 0.181641 0.425781 0.089844 0.093750
0 0.519531 0.417969 0.109375 0.085938
0 0.273438 0.404297 0.078125 0.074219
0 0.156250 0.347656 0.039062 0.054688
0 0.634766 0.326172 0.082031 0.058594
0 0.048828 0.341797 0.097656 0.089844
0 0.914062 0.328125 0.109375 0.070312
0 0.203125 0.310547 0.054688 0.066406
0 0.285156 0.304688 0.062500 0.085938
0 0.714844 0.267578 0.046875 0.082031
0 0.490234 0.291016 0.121094 0.136719
0 0.013672 0.238281 0.027344 0.078125
0 0.599609 0.240234 0.066406 0.089844
0 0.671875 0.207031 0.046875 0.070312
0 0.283203 0.201172 0.097656 0.105469
0 0.824219 0.191406 0.085938 0.093750
0 0.519531 0.166016 0.070312 0.074219
0 0.730469 0.154297 0.062500 0.082031
0 0.058594 0.119141 0.070312 0.058594
0 0.623047 0.117188 0.058594 0.093750
0 0.556641 0.091797 0.066406 0.050781
0 0.921875 0.111328 0.078125 0.097656
0 0.117188 0.089844 0.046875 0.070312
0 0.226562 0.091797 0.101562 0.097656
0 0.462891 0.082031 0.082031 0.117188
0 0.958984 0.029297 0.082031 0.058594
0 0.865234 0.023438 0.058594 0.046875
0 0.777344 0.050781 0.093750 0.101562
0 0.550781 0.023438 0.062500 0.046875
0 0.339844 0.031250 0.093750 0.062500
0 0.062500 0.019531 0.070312 0.039062