0 0.775391 0.964844 0.105469 0.070312
0 0.160156 0.962891 0.046875 0.066406
0 0.486328 0.962891 0.050781 0.074219
0 0.558594 0.955078 0.062500 0.066406
0 0.384766 0.943359 0.035156 0.058594
0 0.068359 0.957031 0.105469 0.085938
0 0.246094 0.929688 0.078125 0.078125
0 0.960938 0.923828 0.078125 0.082031
0 0.880859 0.917969 0.058594 0.078125
0 0.662109 0.890625 0.113281 0.070312
0 0.466797 0.873047 0.066406 0.050781
0 0.775391 0.845703 0.066406 0.042969
0 0.527344 0.843750 0.039062 0.046875
0 0.314453 0.876953 0.105469 0.128906
0 0.582031 0.835938 0.054688 0.070312
0 0.394531 0.818359 0.070312 0.050781
0 0.152344 0.796875 0.093750 0.062500
0 0.466797 0.781250 0.082031 0.054688
0 0.722656 0.792969 0.078125 0.085938
0 0.929688 0.783203 0.109375 0.097656
0 0.382812 0.757812 0.070312 0.046875
0 0.533203 0.759766 0.050781 0.089844
0 0.785156 0.755859 0.062500 0.089844
0 0.660156 0.753906 0.054688 0.093750
0 0.859375 0.738281 0.054688 0.093750
0 0.267578 0.736328 0.097656 0.089844
0 0.609375 0.720703 0.039062 0.066406
0 0.453125 0.689453 0.078125 0.082031
0 0.566406 0.667969 0.054688 0.046875
0 0.740234 0.681641 0.089844 0.121094
0 0.640625 0.640625 0.070312 0.085938
0 0.304688 0.636719 0.164062 0.125000
0 0.494141 0.607422 0.074219 0.089844
0 0.925781 0.630859 0.109375 0.144531
0 0.843750 0.576172 0.062500 0.089844
0 0.060547 0.554688 0.113281 0.085938
0 0.767578 0.558594 0.066406 0.109375
0 0.433594 0.509766 0.101562 0.074219
0 0.820312 0.494141 0.046875 0.082031
0 0.917969 0.449219 0.140625 0.101562
0 0.630859 0.443359 0.113281 0.105469
0 0.384766 0.417969 0.082031 0.062500
0 0.044922 0.384766 0.074219 0.097656
0 0.589844 0.343750 0.062500 0.070312
0 0.796875 0.363281 0.101562 0.140625
0 0.220703 0.337891 0.089844 0.105469
0 0.675781 0.326172 0.070312 0.097656
0 0.363281 0.289062 0.046875 0.070312
0 0.466797 0.296875 0.113281 0.109375
0 0.093750 0.275391 0.070312 0.089844
0 0.017578 0.271484 0.035156 0.097656
0 0.923828 0.289062 0.097656 0.140625
0 0.564453 0.210938 0.058594 0.054688
0 0.818359 0.218750 0.089844 0.109375
0 0.640625 0.218750 0.078125 0.125000
0 0.156250 0.185547 0.070312 0.097656
0 0.451172 0.166016 0.105469 0.082031
0 0.701172 0.158203 0.097656 0.074219
0 0.873047 0.126953 0.066406 0.050781
0 0.230469 0.132812 0.078125 0.070312
0 0.359375 0.121094 0.093750 0.054688
0 0.802734 0.111328 0.050781 0.058594
0 0.962891 0.109375 0.074219 0.070312
0 0.558594 0.119141 0.085938 0.089844