0 0.142578 0.972656 0.066406 0.054688
0 0.341797 0.970703 0.074219 0.058594
0 0.443359 0.964844 0.097656 0.070312
0 0.037109 0.960938 0.074219 0.078125
0 0.236328 0.949219 0.089844 0.101562
0 0.675781 0.921875 0.085938 0.093750
0 0.541016 0.900391 0.089844 0.128906
0 0.974609 0.873047 0.050781 0.089844
0 0.099609 0.884766 0.082031 0.128906
0 0.755859 0.843750 0.074219 0.093750
0 0.013672 0.849609 0.027344 0.105469
0 0.343750 0.841797 0.093750 0.105469
0 0.833984 0.826172 0.058594 0.082031
0 0.207031 0.830078 0.093750 0.089844
0 0.906250 0.800781 0.070312 0.085938
0 0.978516 0.777344 0.042969 0.062500
0 0.595703 0.763672 0.113281 0.128906
0 0.806641 0.722656 0.082031 0.101562
0 0.240234 0.697266 0.113281 0.058594
0 0.443359 0.708984 0.136719 0.105469
0 0.980469 0.662109 0.039062 0.050781
0 0.173828 0.638672 0.074219 0.050781
0 0.328125 0.638672 0.070312 0.058594
0 0.685547 0.636719 0.097656 0.101562
0 0.812500 0.607422 0.070312 0.082031
0 0.951172 0.570312 0.097656 0.078125
0 0.021484 0.595703 0.042969 0.136719
0 0.257812 0.574219 0.085938 0.101562
0 0.134766 0.562500 0.097656 0.078125
0 0.501953 0.560547 0.113281 0.089844
0 0.853516 0.541016 0.082031 0.074219
0 0.380859 0.535156 0.074219 0.062500
0 0.732422 0.533203 0.082031 0.097656
0 0.263672 0.468750 0.066406 0.070312
0 0.488281 0.458984 0.093750 0.058594
0 0.384766 0.447266 0.058594 0.050781
0 0.939453 0.460938 0.074219 0.085938
0 0.640625 0.480469 0.117188 0.140625
0 0.154297 0.447266 0.113281 0.089844
0 0.871094 0.410156 0.046875 0.070312
0 0.037109 0.412109 0.066406 0.074219
0 0.986328 0.408203 0.027344 0.074219
0 0.806641 0.417969 0.050781 0.101562
0 0.330078 0.412109 0.066406 0.105469
0 0.921875 0.357422 0.062500 0.058594
0 0.755859 0.339844 0.074219 0.054688
0 0.519531 0.345703 0.101562 0.128906
0 0.421875 0.302734 0.078125 0.066406
0 0.201172 0.316406 0.097656 0.117188
0 0.968750 0.279297 0.062500 0.082031
0 0.312500 0.281250 0.101562 0.085938
0 0.650391 0.291016 0.136719 0.113281
0 0.775391 0.244141 0.105469 0.128906
0 0.160156 0.212891 0.046875 0.066406
0 0.486328 0.220703 0.050781 0.089844
0 0.558594 0.205078 0.062500 0.066406
0 0.384766 0.193359 0.035156 0.058594
0 0.068359 0.232422 0.105469 0.136719
0 0.246094 0.179688 0.078125 0.078125
0 0.960938 0.173828 0.078125 0.082031
0 0.880859 0.167969 0.058594 0.078125
0 0.662109 0.140625 0.113281 0.070312
0 0.466797 0.123047 0.066406 0.050781
0 0.775391 0.095703 0.066406 0.042969
0 0.527344 0.093750 0.039062 0.046875
0 0.314453 0.126953 0.105469 0.128906
0 0.582031 0.085938 0.054688 0.070312
0 0.394531 0.068359 0.070312 0.050781
0 0.152344 0.046875 0.093750 0.062500
0 0.466797 0.031250 0.082031 0.054688
0 0.929688 0.041016 0.109375 0.082031
0 0.861328 0.017578 0.042969 0.035156
0 0.787109 0.025391 0.058594 0.050781
0 0.722656 0.042969 0.078125 0.085938
0 0.660156 0.025391 0.054688 0.050781
0 0.535156 0.027344 0.046875 0.054688
0 0.382812 0.015625 0.070312 0.031250
0 0.273438 0.015625 0.085938 0.031250