0 0.431641 0.986328 0.097656 0.027344
0 0.955078 0.972656 0.089844 0.054688
0 0.730469 0.972656 0.093750 0.054688
0 0.599609 0.968750 0.089844 0.062500
0 0.271484 0.957031 0.128906 0.085938
0 0.960938 0.904297 0.046875 0.058594
0 0.378906 0.917969 0.070312 0.093750
0 0.144531 0.921875 0.093750 0.117188
0 0.855469 0.914062 0.109375 0.132812
0 0.722656 0.882812 0.093750 0.085938
0 0.490234 0.859375 0.074219 0.078125
0 0.960938 0.837891 0.054688 0.050781
0 0.240234 0.847656 0.097656 0.085938
0 0.566406 0.816406 0.054688 0.093750
0 0.898438 0.779297 0.085938 0.066406
0 0.789062 0.783203 0.093750 0.074219
0 0.447266 0.761719 0.113281 0.093750
0 0.984375 0.748047 0.031250 0.074219
0 0.552734 0.732422 0.074219 0.066406
0 0.308594 0.753906 0.101562 0.125000
0 0.703125 0.701172 0.101562 0.144531
0 0.615234 0.667969 0.058594 0.078125
0 0.523438 0.654297 0.085938 0.074219
0 0.871094 0.662109 0.125000 0.105469
0 0.962891 0.619141 0.066406 0.058594
0 0.404297 0.634766 0.113281 0.089844
0 0.589844 0.574219 0.054688 0.070312
0 0.873047 0.562500 0.050781 0.054688
0 0.666016 0.583984 0.082031 0.105469
0 0.511719 0.558594 0.070312 0.078125
0 0.347656 0.544922 0.046875 0.058594
0 0.763672 0.533203 0.082031 0.058594
0 0.587891 0.498047 0.066406 0.050781
0 0.941406 0.517578 0.085938 0.097656
0 0.421875 0.492188 0.101562 0.125000
0 0.669922 0.453125 0.066406 0.085938
0 0.179688 0.451172 0.093750 0.097656
0 0.517578 0.435547 0.082031 0.074219
0 0.839844 0.433594 0.085938 0.085938
0 0.738281 0.417969 0.054688 0.078125
0 0.978516 0.367188 0.042969 0.046875
0 0.582031 0.355469 0.062500 0.046875
0 0.320312 0.373047 0.125000 0.144531
0 0.234375 0.318359 0.078125 0.035156
0 0.671875 0.324219 0.093750 0.078125
0 0.792969 0.322266 0.132812 0.089844
0 0.966797 0.300781 0.066406 0.054688
0 0.582031 0.287109 0.046875 0.050781
0 0.460938 0.306641 0.101562 0.089844
0 0.125000 0.287109 0.085938 0.097656
0 0.734375 0.248047 0.054688 0.066406
0 0.492188 0.214844 0.062500 0.062500
0 0.937500 0.212891 0.039062 0.066406
0 0.224609 0.226562 0.097656 0.101562
0 0.847656 0.224609 0.085938 0.105469
0 0.767578 0.191406 0.058594 0.039062
0 0.367188 0.208984 0.085938 0.113281
0 0.636719 0.197266 0.101562 0.113281
0 0.980469 0.179688 0.039062 0.101562
0 0.539062 0.142578 0.046875 0.058594
0 0.105469 0.162109 0.070312 0.113281
0 0.755859 0.119141 0.082031 0.082031
0 0.457031 0.107422 0.070312 0.082031
0 0.558594 0.056641 0.078125 0.082031
0 0.978516 0.011719 0.042969 0.023438
0 0.660156 0.013672 0.101562 0.027344