0 0.726562 0.982422 0.078125 0.035156
0 0.492188 0.982422 0.109375 0.035156
0 0.347656 0.976562 0.078125 0.046875
0 0.625000 0.972656 0.078125 0.054688
0 0.857422 0.943359 0.121094 0.097656
0 0.527344 0.898438 0.101562 0.070312
0 0.111328 0.910156 0.097656 0.117188
0 0.634766 0.876953 0.074219 0.066406
0 0.730469 0.888672 0.085938 0.097656
0 0.019531 0.894531 0.039062 0.125000
0 0.939453 0.859375 0.058594 0.093750
0 0.582031 0.812500 0.070312 0.054688
0 0.976562 0.792969 0.046875 0.054688
0 0.396484 0.814453 0.121094 0.144531
0 0.683594 0.775391 0.093750 0.128906
0 0.037109 0.753906 0.058594 0.093750
0 0.808594 0.765625 0.117188 0.125000
0 0.986328 0.652344 0.027344 0.078125
0 0.580078 0.687500 0.113281 0.148438
0 0.820312 0.634766 0.078125 0.058594
0 0.718750 0.654297 0.085938 0.097656
0 0.132812 0.638672 0.070312 0.066406
0 0.927734 0.605469 0.113281 0.093750
0 0.021484 0.601562 0.042969 0.085938
0 0.177734 0.560547 0.074219 0.066406
0 0.781250 0.509766 0.039062 0.058594
0 0.855469 0.500000 0.039062 0.046875
0 0.689453 0.525391 0.082031 0.113281
0 0.054688 0.496094 0.062500 0.085938
0 0.109375 0.421875 0.078125 0.070312
0 0.984375 0.398438 0.031250 0.054688
0 0.894531 0.414062 0.085938 0.101562
0 0.296875 0.390625 0.085938 0.093750
0 0.189453 0.345703 0.074219 0.058594
0 0.070312 0.326172 0.093750 0.066406
0 0.748047 0.330078 0.066406 0.089844
0 0.861328 0.291016 0.074219 0.074219
0 0.958984 0.285156 0.082031 0.140625
0 0.208984 0.240234 0.089844 0.097656
0 0.447266 0.271484 0.136719 0.167969
0 0.638672 0.218750 0.121094 0.109375
0 0.873047 0.187500 0.066406 0.070312
0 0.339844 0.179688 0.070312 0.101562
0 0.593750 0.111328 0.085938 0.074219
0 0.886719 0.074219 0.039062 0.031250
0 0.505859 0.099609 0.066406 0.082031
0 0.285156 0.095703 0.085938 0.113281
0 0.845703 0.044922 0.035156 0.042969
0 0.931641 0.027344 0.035156 0.039062
0 0.091797 0.042969 0.082031 0.085938