0 0.953125 0.968750 0.085938 0.062500
0 0.037109 0.957031 0.066406 0.085938
0 0.275391 0.931641 0.074219 0.050781
0 0.619141 0.945312 0.113281 0.109375
0 0.529297 0.914062 0.058594 0.085938
0 0.146484 0.916016 0.082031 0.097656
0 0.462891 0.882812 0.082031 0.078125
0 0.369141 0.873047 0.074219 0.082031
0 0.941406 0.875000 0.101562 0.093750
0 0.035156 0.869141 0.062500 0.082031
0 0.574219 0.830078 0.054688 0.050781
0 0.673828 0.833984 0.058594 0.074219
0 0.238281 0.839844 0.101562 0.093750
0 0.787109 0.808594 0.128906 0.078125
0 0.519531 0.785156 0.054688 0.046875
0 0.447266 0.791016 0.058594 0.066406
0 0.105469 0.794922 0.101562 0.097656
0 0.595703 0.736328 0.058594 0.050781
0 0.941406 0.746094 0.070312 0.085938
0 0.332031 0.734375 0.125000 0.093750
0 0.076172 0.703125 0.042969 0.039062
0 0.193359 0.712891 0.074219 0.089844
0 0.673828 0.687500 0.097656 0.101562
0 0.519531 0.685547 0.085938 0.097656
0 0.833984 0.677734 0.136719 0.113281
0 0.259766 0.636719 0.113281 0.078125
0 0.412109 0.642578 0.082031 0.097656
0 0.029297 0.638672 0.058594 0.097656
0 0.183594 0.568359 0.054688 0.082031
0 0.541016 0.574219 0.113281 0.101562
0 0.416016 0.529297 0.105469 0.074219
0 0.023438 0.531250 0.046875 0.078125
0 0.714844 0.541016 0.140625 0.121094
0 0.308594 0.468750 0.109375 0.085938
0 0.408203 0.447266 0.058594 0.066406
0 0.554688 0.437500 0.125000 0.109375
0 0.218750 0.417969 0.054688 0.085938
0 0.113281 0.435547 0.117188 0.136719
0 0.011719 0.396484 0.023438 0.082031
0 0.681641 0.373047 0.097656 0.128906
0 0.355469 0.308594 0.093750 0.093750
0 0.199219 0.291016 0.125000 0.082031
0 0.013672 0.261719 0.027344 0.062500
0 0.580078 0.218750 0.089844 0.093750
0 0.214844 0.179688 0.101562 0.125000
0 0.488281 0.144531 0.039062 0.062500
0 0.042969 0.142578 0.085938 0.136719
0 0.441406 0.041016 0.117188 0.082031
0 0.330078 0.039062 0.074219 0.078125
0 0.199219 0.039062 0.109375 0.078125