0 0.318359 0.982422 0.066406 0.035156
0 0.193359 0.982422 0.074219 0.035156
0 0.892578 0.972656 0.066406 0.054688
0 0.382812 0.964844 0.054688 0.070312
0 0.773438 0.960938 0.101562 0.078125
0 0.970703 0.949219 0.058594 0.101562
0 0.607422 0.943359 0.074219 0.105469
0 0.027344 0.859375 0.039062 0.054688
0 0.146484 0.876953 0.136719 0.105469
0 0.849609 0.884766 0.082031 0.128906
0 0.410156 0.851562 0.117188 0.085938
0 0.742188 0.853516 0.070312 0.113281
0 0.955078 0.830078 0.089844 0.089844
0 0.291016 0.814453 0.089844 0.066406
0 0.630859 0.808594 0.105469 0.085938
0 0.109375 0.757812 0.062500 0.093750
0 0.431641 0.740234 0.105469 0.082031
0 0.574219 0.716797 0.109375 0.074219
0 0.212891 0.732422 0.113281 0.105469
0 0.318359 0.722656 0.066406 0.101562
0 0.966797 0.697266 0.066406 0.058594
0 0.507812 0.667969 0.062500 0.046875
0 0.923828 0.638672 0.074219 0.050781
0 0.599609 0.632812 0.089844 0.070312
0 0.406250 0.634766 0.070312 0.097656
0 0.513672 0.599609 0.074219 0.058594
0 0.039062 0.611328 0.078125 0.089844
0 0.240234 0.589844 0.144531 0.117188
0 0.982422 0.572266 0.035156 0.089844
0 0.884766 0.562500 0.097656 0.078125
0 0.736328 0.591797 0.113281 0.144531
0 0.355469 0.544922 0.070312 0.082031
0 0.099609 0.539062 0.066406 0.109375
0 0.443359 0.515625 0.097656 0.093750
0 0.625000 0.523438 0.085938 0.132812
0 0.197266 0.474609 0.082031 0.066406
0 0.320312 0.472656 0.093750 0.078125
0 0.904297 0.447266 0.113281 0.089844
0 0.041016 0.453125 0.066406 0.109375
0 0.546875 0.429688 0.085938 0.070312
0 0.787109 0.412109 0.066406 0.074219
0 0.404297 0.390625 0.082031 0.093750
0 0.291016 0.375000 0.089844 0.132812
0 0.480469 0.339844 0.070312 0.078125
0 0.029297 0.341797 0.058594 0.089844
0 0.689453 0.359375 0.121094 0.140625
0 0.150391 0.345703 0.097656 0.121094
0 0.373047 0.298828 0.066406 0.074219
0 0.951172 0.316406 0.097656 0.117188
0 0.294922 0.240234 0.089844 0.058594
0 0.205078 0.232422 0.089844 0.058594
0 0.023438 0.234375 0.046875 0.085938
0 0.910156 0.212891 0.046875 0.066406
0 0.818359 0.232422 0.105469 0.136719
0 0.488281 0.226562 0.109375 0.125000
0 0.210938 0.179688 0.039062 0.039062
0 0.978516 0.179688 0.042969 0.078125
0 0.277344 0.154297 0.046875 0.066406
0 0.175781 0.134766 0.062500 0.089844
0 0.355469 0.134766 0.093750 0.097656
0 0.074219 0.144531 0.093750 0.117188
0 0.267578 0.068359 0.121094 0.074219
0 0.902344 0.046875 0.093750 0.062500
0 0.009766 0.048828 0.019531 0.074219
0 0.373047 0.031250 0.082031 0.062500
0 0.140625 0.037109 0.148438 0.074219