0 0.134766 0.978516 0.050781 0.042969
0 0.205078 0.976562 0.066406 0.046875
0 0.068359 0.970703 0.058594 0.058594
0 0.296875 0.968750 0.046875 0.062500
0 0.197266 0.921875 0.058594 0.046875
0 0.287109 0.873047 0.066406 0.058594
0 0.101562 0.888672 0.101562 0.097656
0 0.214844 0.808594 0.109375 0.093750
0 0.119141 0.779297 0.082031 0.066406
0 0.015625 0.773438 0.031250 0.093750
0 0.976562 0.751953 0.046875 0.066406
0 0.275391 0.708984 0.066406 0.097656
0 0.144531 0.681641 0.085938 0.082031
0 0.861328 0.673828 0.074219 0.074219
0 0.232422 0.601562 0.066406 0.078125
0 0.082031 0.585938 0.101562 0.078125
0 0.419922 0.564453 0.058594 0.066406
0 0.117188 0.515625 0.031250 0.046875
0 0.425781 0.486328 0.031250 0.035156
0 0.167969 0.496094 0.054688 0.054688
0 0.478516 0.500000 0.058594 0.070312
0 0.816406 0.486328 0.039062 0.074219
0 0.416016 0.427734 0.066406 0.066406
0 0.533203 0.439453 0.074219 0.097656
0 0.646484 0.431641 0.074219 0.089844
0 0.373047 0.347656 0.050781 0.062500
0 0.597656 0.347656 0.070312 0.078125
0 0.478516 0.337891 0.089844 0.097656
0 0.712891 0.294922 0.097656 0.167969
0 0.582031 0.191406 0.046875 0.062500
0 0.242188 0.148438 0.046875 0.062500
0 0.173828 0.136719 0.050781 0.046875
0 0.695312 0.138672 0.046875 0.066406
0 0.136719 0.070312 0.046875 0.046875
0 0.294922 0.068359 0.050781 0.050781
0 0.970703 0.083984 0.058594 0.113281
0 0.646484 0.048828 0.035156 0.074219
0 0.863281 0.050781 0.117188 0.101562
0 0.753906 0.039062 0.078125 0.078125