0 0.583984 0.976562 0.089844 0.046875
0 0.730469 0.974609 0.109375 0.050781
0 0.042969 0.966797 0.085938 0.066406
0 0.472656 0.960938 0.093750 0.078125
0 0.357422 0.927734 0.128906 0.128906
0 0.669922 0.894531 0.074219 0.101562
0 0.980469 0.878906 0.039062 0.078125
0 0.132812 0.894531 0.117188 0.140625
0 0.023438 0.845703 0.046875 0.058594
0 0.281250 0.820312 0.078125 0.125000
0 0.472656 0.800781 0.109375 0.093750
0 0.960938 0.791016 0.078125 0.113281
0 0.375000 0.716797 0.070312 0.089844
0 0.742188 0.691406 0.093750 0.085938
0 0.095703 0.712891 0.097656 0.136719
0 0.886719 0.683594 0.078125 0.109375
0 0.593750 0.646484 0.117188 0.121094
0 0.242188 0.642578 0.101562 0.121094
0 0.341797 0.601562 0.042969 0.054688
0 0.982422 0.609375 0.035156 0.125000
0 0.607422 0.546875 0.035156 0.046875
0 0.462891 0.583984 0.105469 0.144531
0 0.087891 0.544922 0.105469 0.136719
0 0.906250 0.531250 0.093750 0.125000
0 0.652344 0.460938 0.093750 0.070312
0 0.986328 0.449219 0.027344 0.078125
0 0.095703 0.435547 0.058594 0.066406
0 0.212891 0.474609 0.105469 0.152344
0 0.828125 0.429688 0.046875 0.078125
0 0.371094 0.441406 0.125000 0.117188
0 0.017578 0.410156 0.035156 0.101562
0 0.505859 0.402344 0.097656 0.109375
0 0.367188 0.332031 0.070312 0.046875
0 0.666016 0.357422 0.105469 0.113281
0 0.941406 0.357422 0.101562 0.121094
0 0.460938 0.291016 0.078125 0.066406
0 0.074219 0.302734 0.140625 0.105469
0 0.544922 0.289062 0.066406 0.085938
0 0.335938 0.250000 0.093750 0.109375
0 0.191406 0.246094 0.132812 0.109375
0 0.984375 0.220703 0.031250 0.074219
0 0.025391 0.189453 0.050781 0.082031
0 0.238281 0.166016 0.085938 0.066406
0 0.443359 0.164062 0.105469 0.117188
0 0.634766 0.181641 0.121094 0.160156
0 0.886719 0.156250 0.109375 0.140625
0 0.189453 0.111328 0.066406 0.050781
0 0.095703 0.128906 0.082031 0.093750
0 0.326172 0.085938 0.082031 0.132812
0 0.914062 0.017578 0.109375 0.035156
0 0.783203 0.015625 0.074219 0.031250
0 0.636719 0.029297 0.117188 0.058594
0 0.527344 0.048828 0.109375 0.097656
0 0.398438 0.035156 0.109375 0.070312
0 0.195312 0.041016 0.085938 0.082031
0 0.097656 0.029297 0.054688 0.058594
0 0.019531 0.060547 0.039062 0.121094