0 0.734375 0.982422 0.054688 0.035156
0 0.492188 0.964844 0.062500 0.062500
0 0.937500 0.962891 0.039062 0.066406
0 0.224609 0.962891 0.097656 0.074219
0 0.847656 0.960938 0.085938 0.078125
0 0.767578 0.941406 0.058594 0.039062
0 0.367188 0.951172 0.085938 0.097656
0 0.636719 0.945312 0.101562 0.109375
0 0.980469 0.929688 0.039062 0.101562
0 0.539062 0.892578 0.046875 0.058594
0 0.105469 0.912109 0.070312 0.113281
0 0.755859 0.869141 0.082031 0.082031
0 0.457031 0.857422 0.070312 0.082031
0 0.558594 0.806641 0.078125 0.082031
0 0.832031 0.738281 0.054688 0.046875
0 0.972656 0.724609 0.054688 0.097656
0 0.662109 0.726562 0.113281 0.101562
0 0.882812 0.642578 0.078125 0.113281
0 0.498047 0.642578 0.105469 0.121094
0 0.625000 0.615234 0.093750 0.074219
0 0.330078 0.615234 0.128906 0.105469
0 0.767578 0.621094 0.097656 0.125000
0 0.968750 0.599609 0.062500 0.105469
0 0.421875 0.541016 0.062500 0.089844
0 0.974609 0.494141 0.050781 0.082031
0 0.714844 0.498047 0.070312 0.097656
0 0.509766 0.488281 0.113281 0.101562
0 0.193359 0.488281 0.136719 0.101562
0 0.314453 0.451172 0.058594 0.066406
0 0.623047 0.433594 0.050781 0.070312
0 0.832031 0.441406 0.093750 0.117188
0 0.916016 0.400391 0.074219 0.082031
0 0.705078 0.396484 0.050781 0.074219
0 0.980469 0.376953 0.039062 0.066406
0 0.408203 0.398438 0.097656 0.109375
0 0.562500 0.351562 0.070312 0.039062
0 0.480469 0.302734 0.109375 0.082031
0 0.863281 0.302734 0.132812 0.105469
0 0.722656 0.291016 0.101562 0.082031
0 0.589844 0.285156 0.062500 0.078125
0 0.796875 0.185547 0.085938 0.089844
0 0.685547 0.185547 0.082031 0.097656
0 0.486328 0.193359 0.082031 0.113281
0 0.576172 0.150391 0.082031 0.082031
0 0.976562 0.146484 0.046875 0.105469
0 0.386719 0.123047 0.101562 0.121094
0 0.767578 0.062500 0.097656 0.117188
0 0.615234 0.050781 0.082031 0.093750