0 0.849609 0.962891 0.082031 0.058594
0 0.250000 0.943359 0.062500 0.058594
0 0.484375 0.945312 0.125000 0.101562
0 0.669922 0.937500 0.113281 0.125000
0 0.988281 0.902344 0.023438 0.062500
0 0.925781 0.867188 0.093750 0.093750
0 0.326172 0.882812 0.082031 0.132812
0 0.775391 0.845703 0.089844 0.074219
0 0.855469 0.820312 0.054688 0.046875
0 0.449219 0.833984 0.070312 0.074219
0 0.216797 0.835938 0.082031 0.085938
0 0.898438 0.787109 0.054688 0.050781
0 0.527344 0.785156 0.070312 0.062500
0 0.812500 0.775391 0.070312 0.074219
0 0.966797 0.750000 0.066406 0.085938
0 0.425781 0.738281 0.085938 0.093750
0 0.902344 0.703125 0.046875 0.062500
0 0.523438 0.697266 0.070312 0.058594
0 0.318359 0.679688 0.066406 0.101562
0 0.681641 0.675781 0.128906 0.101562
0 0.849609 0.623047 0.074219 0.066406
0 0.941406 0.626953 0.070312 0.105469
0 0.269531 0.595703 0.070312 0.066406
0 0.425781 0.605469 0.070312 0.101562
0 0.166016 0.589844 0.097656 0.078125
0 0.304688 0.535156 0.046875 0.054688
0 0.435547 0.500000 0.089844 0.070312
0 0.785156 0.507812 0.140625 0.109375
0 0.943359 0.482422 0.113281 0.152344
0 0.412109 0.406250 0.105469 0.078125
0 0.300781 0.427734 0.125000 0.128906
0 0.791016 0.382812 0.082031 0.078125
0 0.689453 0.371094 0.082031 0.085938
0 0.966797 0.343750 0.066406 0.093750
0 0.521484 0.359375 0.097656 0.125000
0 0.414062 0.304688 0.070312 0.101562
0 0.238281 0.277344 0.109375 0.101562
0 0.972656 0.251953 0.054688 0.074219
0 0.867188 0.283203 0.109375 0.152344
0 0.722656 0.244141 0.093750 0.082031
0 0.330078 0.183594 0.121094 0.125000
0 0.562500 0.195312 0.117188 0.187500
0 0.947266 0.142578 0.097656 0.105469
0 0.441406 0.111328 0.093750 0.097656
0 0.218750 0.093750 0.093750 0.109375
0 0.714844 0.097656 0.101562 0.171875
0 0.984375 0.044922 0.031250 0.082031
0 0.912109 0.039062 0.097656 0.078125
0 0.613281 0.031250 0.101562 0.062500
0 0.472656 0.031250 0.078125 0.062500
0 0.306641 0.023438 0.066406 0.046875
0 0.177734 0.025391 0.089844 0.050781