0 0.943359 0.982422 0.074219 0.035156
0 0.115234 0.974609 0.066406 0.050781
0 0.220703 0.958984 0.089844 0.082031
0 0.427734 0.953125 0.097656 0.078125
0 0.599609 0.951172 0.097656 0.097656
0 0.513672 0.935547 0.042969 0.066406
0 0.052734 0.910156 0.066406 0.078125
0 0.316406 0.904297 0.117188 0.082031
0 0.777344 0.859375 0.039062 0.054688
0 0.896484 0.876953 0.136719 0.105469
0 0.501953 0.837891 0.105469 0.113281
0 0.414062 0.787109 0.078125 0.074219
0 0.583984 0.763672 0.050781 0.074219
0 0.859375 0.757812 0.062500 0.093750
0 0.335938 0.744141 0.085938 0.082031
0 0.710938 0.757812 0.101562 0.140625
0 0.953125 0.732422 0.093750 0.105469
0 0.486328 0.712891 0.074219 0.089844
0 0.593750 0.683594 0.046875 0.054688
0 0.013672 0.671875 0.027344 0.070312
0 0.501953 0.646484 0.042969 0.042969
0 0.349609 0.656250 0.058594 0.062500
0 0.195312 0.675781 0.109375 0.140625
0 0.416016 0.626953 0.082031 0.050781
0 0.533203 0.611328 0.058594 0.066406
0 0.789062 0.611328 0.078125 0.089844
0 0.671875 0.603516 0.070312 0.074219
0 0.013672 0.583984 0.027344 0.066406
0 0.958984 0.589844 0.082031 0.117188
0 0.093750 0.580078 0.078125 0.113281
0 0.849609 0.539062 0.066406 0.109375
0 0.601562 0.519531 0.046875 0.085938
0 0.314453 0.550781 0.128906 0.156250
0 0.710938 0.509766 0.093750 0.082031
0 0.089844 0.480469 0.078125 0.070312
0 0.947266 0.474609 0.082031 0.066406
0 0.167969 0.488281 0.078125 0.093750
0 0.667969 0.433594 0.054688 0.054688
0 0.791016 0.453125 0.066406 0.109375
0 0.500000 0.435547 0.093750 0.136719
0 0.386719 0.390625 0.070312 0.078125
0 0.011719 0.367188 0.023438 0.070312
0 0.750000 0.339844 0.117188 0.093750
0 0.599609 0.351562 0.089844 0.117188
0 0.900391 0.345703 0.097656 0.121094
0 0.423828 0.308594 0.097656 0.093750
0 0.253906 0.320312 0.101562 0.117188
0 0.089844 0.314453 0.132812 0.105469
0 0.613281 0.259766 0.054688 0.050781
0 0.955078 0.232422 0.089844 0.058594
0 0.525391 0.250000 0.066406 0.101562
0 0.759766 0.234375 0.074219 0.085938
0 0.037109 0.222656 0.058594 0.062500
0 0.960938 0.179688 0.039062 0.039062
0 0.158203 0.205078 0.121094 0.089844
0 0.267578 0.187500 0.089844 0.078125
0 0.470703 0.183594 0.066406 0.093750
0 0.343750 0.177734 0.054688 0.089844
0 0.593750 0.169922 0.109375 0.089844
0 0.925781 0.134766 0.062500 0.089844
0 0.710938 0.130859 0.101562 0.082031
0 0.824219 0.144531 0.093750 0.117188
0 0.031250 0.128906 0.062500 0.085938
0 0.324219 0.097656 0.054688 0.062500
0 0.408203 0.105469 0.066406 0.093750
0 0.107422 0.095703 0.066406 0.089844
0 0.978516 0.068359 0.042969 0.074219
0 0.287109 0.039062 0.066406 0.046875
0 0.890625 0.037109 0.148438 0.074219
0 0.734375 0.042969 0.070312 0.085938
0 0.591797 0.021484 0.066406 0.042969
0 0.503906 0.056641 0.109375 0.113281
0 0.363281 0.027344 0.054688 0.054688
0 0.175781 0.035156 0.117188 0.070312