0 0.796875 0.935547 0.085938 0.089844
0 0.685547 0.935547 0.082031 0.097656
0 0.486328 0.943359 0.082031 0.113281
0 0.576172 0.900391 0.082031 0.082031
0 0.976562 0.896484 0.046875 0.105469
0 0.386719 0.873047 0.101562 0.121094
0 0.767578 0.812500 0.097656 0.117188
0 0.615234 0.800781 0.082031 0.093750
0 0.833984 0.707031 0.097656 0.125000
0 0.962891 0.679688 0.074219 0.093750
0 0.128906 0.662109 0.062500 0.089844
0 0.492188 0.658203 0.125000 0.105469
0 0.671875 0.658203 0.109375 0.136719
0 0.927734 0.611328 0.042969 0.058594
0 0.779297 0.582031 0.097656 0.085938
0 0.400391 0.580078 0.074219 0.089844
0 0.501953 0.558594 0.066406 0.062500
0 0.958984 0.541016 0.066406 0.066406
0 0.333984 0.503906 0.050781 0.054688
0 0.226562 0.505859 0.093750 0.097656
0 0.123047 0.472656 0.066406 0.093750
0 0.949219 0.433594 0.101562 0.062500
0 0.417969 0.431641 0.070312 0.066406
0 0.853516 0.414062 0.066406 0.062500
0 0.550781 0.425781 0.132812 0.093750
0 0.658203 0.378906 0.027344 0.031250
0 0.701172 0.386719 0.042969 0.054688
0 0.916016 0.353516 0.089844 0.058594
0 0.177734 0.363281 0.113281 0.078125
0 0.726562 0.326172 0.070312 0.050781
0 0.320312 0.351562 0.085938 0.101562
0 0.630859 0.312500 0.089844 0.054688
0 0.404297 0.316406 0.066406 0.085938
0 0.933594 0.283203 0.062500 0.058594
0 0.503906 0.304688 0.109375 0.125000
0 0.615234 0.250000 0.050781 0.039062
0 0.806641 0.263672 0.082031 0.097656
0 0.144531 0.246094 0.078125 0.070312
0 0.955078 0.199219 0.074219 0.039062
0 0.367188 0.228516 0.101562 0.113281
0 0.873047 0.185547 0.042969 0.035156
0 0.744141 0.187500 0.058594 0.046875
0 0.615234 0.162109 0.058594 0.050781
0 0.683594 0.150391 0.062500 0.042969
0 0.507812 0.162109 0.078125 0.082031
0 0.978516 0.128906 0.042969 0.062500
0 0.753906 0.095703 0.070312 0.058594
0 0.681641 0.089844 0.050781 0.046875
0 0.476562 0.083984 0.093750 0.035156
0 0.343750 0.085938 0.062500 0.039062
0 0.207031 0.097656 0.085938 0.078125
0 0.890625 0.087891 0.078125 0.082031
0 0.576172 0.068359 0.066406 0.050781
0 0.458984 0.046875 0.097656 0.039062
0 0.691406 0.037109 0.062500 0.042969
0 0.958984 0.031250 0.050781 0.062500
0 0.771484 0.015625 0.066406 0.031250
0 0.384766 0.019531 0.058594 0.039062