0 0.814453 0.982422 0.066406 0.035156
0 0.144531 0.980469 0.078125 0.039062
0 0.955078 0.949219 0.074219 0.039062
0 0.367188 0.960938 0.101562 0.078125
0 0.873047 0.935547 0.042969 0.035156
0 0.744141 0.937500 0.058594 0.046875
0 0.615234 0.912109 0.058594 0.050781
0 0.683594 0.900391 0.062500 0.042969
0 0.507812 0.912109 0.078125 0.082031
0 0.978516 0.878906 0.042969 0.062500
0 0.753906 0.845703 0.070312 0.058594
0 0.681641 0.839844 0.050781 0.046875
0 0.476562 0.833984 0.093750 0.035156
0 0.343750 0.835938 0.062500 0.039062
0 0.207031 0.847656 0.085938 0.078125
0 0.890625 0.837891 0.078125 0.082031
0 0.576172 0.818359 0.066406 0.050781
0 0.458984 0.796875 0.097656 0.039062
0 0.691406 0.787109 0.062500 0.042969
0 0.384766 0.765625 0.058594 0.046875
0 0.652344 0.744141 0.039062 0.035156
0 0.958984 0.765625 0.050781 0.093750
0 0.771484 0.748047 0.066406 0.066406
0 0.884766 0.738281 0.050781 0.070312
0 0.384766 0.693359 0.058594 0.042969
0 0.701172 0.685547 0.050781 0.058594
0 0.158203 0.677734 0.074219 0.050781
0 0.783203 0.667969 0.074219 0.046875
0 0.302734 0.664062 0.050781 0.039062
0 0.351562 0.625000 0.054688 0.046875
0 0.238281 0.613281 0.054688 0.078125
0 0.949219 0.611328 0.070312 0.082031
0 0.705078 0.589844 0.066406 0.062500
0 0.560547 0.625000 0.167969 0.148438
0 0.322266 0.548828 0.058594 0.074219
0 0.849609 0.542969 0.058594 0.070312
0 0.912109 0.523438 0.035156 0.039062
0 0.767578 0.544922 0.058594 0.082031
0 0.429688 0.519531 0.062500 0.046875
0 0.687500 0.507812 0.046875 0.046875
0 0.171875 0.513672 0.046875 0.058594
0 0.433594 0.462891 0.085938 0.042969
0 0.359375 0.464844 0.046875 0.070312
0 0.873047 0.447266 0.042969 0.050781
0 0.552734 0.453125 0.074219 0.085938
0 0.794922 0.437500 0.074219 0.085938
0 0.300781 0.419922 0.062500 0.074219
0 0.220703 0.429688 0.074219 0.101562
0 0.375000 0.384766 0.085938 0.074219
0 0.986328 0.343750 0.027344 0.109375
0 0.185547 0.324219 0.082031 0.078125
0 0.894531 0.312500 0.062500 0.070312
0 0.568359 0.287109 0.089844 0.074219
0 0.775391 0.287109 0.097656 0.082031
0 0.273438 0.300781 0.070312 0.109375
0 0.345703 0.277344 0.066406 0.070312
0 0.849609 0.212891 0.082031 0.058594
0 0.250000 0.193359 0.062500 0.058594
0 0.484375 0.195312 0.125000 0.101562
0 0.669922 0.197266 0.113281 0.144531
0 0.988281 0.152344 0.023438 0.062500
0 0.925781 0.117188 0.093750 0.093750
0 0.326172 0.132812 0.082031 0.132812
0 0.775391 0.095703 0.089844 0.074219
0 0.855469 0.070312 0.054688 0.046875
0 0.449219 0.083984 0.070312 0.074219
0 0.216797 0.085938 0.082031 0.085938
0 0.898438 0.037109 0.054688 0.050781
0 0.527344 0.035156 0.070312 0.062500
0 0.966797 0.021484 0.066406 0.042969
0 0.812500 0.031250 0.070312 0.062500
0 0.421875 0.017578 0.078125 0.035156