0 0.312500 0.984375 0.125000 0.031250
0 0.570312 0.978516 0.078125 0.042969
0 0.425781 0.974609 0.046875 0.042969
0 0.947266 0.974609 0.105469 0.050781
0 0.835938 0.972656 0.101562 0.054688
0 0.072266 0.970703 0.058594 0.058594
0 0.160156 0.921875 0.109375 0.101562
0 0.552734 0.900391 0.089844 0.082031
0 0.396484 0.886719 0.066406 0.085938
0 0.697266 0.900391 0.136719 0.121094
0 0.462891 0.855469 0.058594 0.046875
0 0.865234 0.865234 0.121094 0.089844
0 0.962891 0.835938 0.058594 0.062500
0 0.277344 0.859375 0.078125 0.109375
0 0.027344 0.845703 0.054688 0.113281
0 0.595703 0.810547 0.066406 0.058594
0 0.128906 0.808594 0.109375 0.117188
0 0.517578 0.783203 0.066406 0.074219
0 0.904297 0.759766 0.097656 0.066406
0 0.349609 0.771484 0.074219 0.105469
0 0.751953 0.755859 0.121094 0.136719
0 0.251953 0.724609 0.066406 0.105469
0 0.626953 0.712891 0.105469 0.105469
0 0.449219 0.681641 0.085938 0.082031
0 0.335938 0.640625 0.140625 0.101562
0 0.796875 0.613281 0.117188 0.085938
0 0.943359 0.646484 0.113281 0.175781
0 0.542969 0.609375 0.125000 0.109375
0 0.185547 0.617188 0.113281 0.132812
0 0.669922 0.585938 0.105469 0.117188
0 0.062500 0.556641 0.070312 0.089844
0 0.294922 0.519531 0.082031 0.070312
0 0.011719 0.509766 0.023438 0.074219
0 0.535156 0.494141 0.046875 0.058594
0 0.214844 0.496094 0.046875 0.070312
0 0.609375 0.484375 0.078125 0.062500
0 0.845703 0.492188 0.121094 0.109375
0 0.986328 0.472656 0.027344 0.078125
0 0.441406 0.449219 0.117188 0.125000
0 0.734375 0.433594 0.109375 0.109375
0 0.564453 0.404297 0.058594 0.058594
0 0.330078 0.390625 0.066406 0.054688
0 0.640625 0.386719 0.070312 0.062500
0 0.117188 0.394531 0.101562 0.078125
0 0.009766 0.378906 0.019531 0.070312
0 0.218750 0.353516 0.054688 0.066406
0 0.978516 0.353516 0.042969 0.074219
0 0.810547 0.343750 0.097656 0.070312
0 0.029297 0.322266 0.058594 0.058594
0 0.371094 0.324219 0.078125 0.078125
0 0.580078 0.318359 0.066406 0.074219
0 0.289062 0.300781 0.062500 0.046875
0 0.107422 0.294922 0.050781 0.089844
0 0.716797 0.285156 0.121094 0.101562
0 0.953125 0.234375 0.085938 0.093750
0 0.037109 0.224609 0.066406 0.121094
0 0.275391 0.181641 0.074219 0.050781
0 0.619141 0.197266 0.113281 0.113281
0 0.529297 0.164062 0.058594 0.085938
0 0.146484 0.166016 0.082031 0.097656
0 0.462891 0.132812 0.082031 0.078125
0 0.369141 0.123047 0.074219 0.082031
0 0.941406 0.125000 0.101562 0.093750
0 0.035156 0.119141 0.062500 0.082031
0 0.574219 0.080078 0.054688 0.050781
0 0.673828 0.083984 0.058594 0.074219
0 0.238281 0.089844 0.101562 0.093750
0 0.787109 0.058594 0.128906 0.078125
0 0.519531 0.035156 0.054688 0.046875
0 0.447266 0.041016 0.058594 0.066406
0 0.943359 0.019531 0.066406 0.039062
0 0.332031 0.015625 0.125000 0.031250
0 0.105469 0.046875 0.101562 0.093750