0 0.957031 0.970703 0.085938 0.058594
0 0.054688 0.960938 0.109375 0.078125
0 0.458984 0.943359 0.121094 0.105469
0 0.591797 0.939453 0.105469 0.121094
0 0.339844 0.921875 0.101562 0.125000
0 0.189453 0.902344 0.113281 0.140625
0 0.712891 0.882812 0.082031 0.132812
0 0.039062 0.820312 0.062500 0.046875
0 0.583984 0.832031 0.097656 0.085938
0 0.492188 0.810547 0.085938 0.066406
0 0.113281 0.783203 0.070312 0.074219
0 0.228516 0.771484 0.082031 0.074219
0 0.841797 0.781250 0.082031 0.109375
0 0.667969 0.744141 0.093750 0.121094
0 0.421875 0.716797 0.101562 0.113281
0 0.533203 0.695312 0.066406 0.085938
0 0.316406 0.693359 0.078125 0.089844
0 0.935547 0.683594 0.074219 0.109375
0 0.242188 0.642578 0.070312 0.082031
0 0.080078 0.652344 0.121094 0.117188
0 0.335938 0.593750 0.070312 0.070312
0 0.794922 0.632812 0.128906 0.156250
0 0.634766 0.601562 0.058594 0.093750
0 0.009766 0.591797 0.019531 0.082031
0 0.175781 0.556641 0.070312 0.050781
0 0.921875 0.576172 0.078125 0.097656
0 0.109375 0.548828 0.046875 0.042969
0 0.451172 0.580078 0.105469 0.152344
0 0.556641 0.531250 0.066406 0.062500
0 0.783203 0.509766 0.082031 0.082031
0 0.042969 0.494141 0.085938 0.066406
0 0.146484 0.488281 0.058594 0.062500
0 0.291016 0.503906 0.121094 0.117188
0 0.931641 0.468750 0.074219 0.085938
0 0.654297 0.445312 0.074219 0.093750
0 0.406250 0.443359 0.093750 0.105469
0 0.572266 0.398438 0.050781 0.054688
0 0.201172 0.406250 0.050781 0.078125
0 0.025391 0.392578 0.050781 0.082031
0 0.505859 0.400391 0.074219 0.113281
0 0.306641 0.390625 0.097656 0.093750
0 0.783203 0.392578 0.113281 0.128906
0 0.117188 0.367188 0.062500 0.093750
0 0.291016 0.304688 0.042969 0.054688
0 0.529297 0.296875 0.058594 0.054688
0 0.353516 0.298828 0.058594 0.058594
0 0.646484 0.318359 0.097656 0.105469
0 0.437500 0.318359 0.085938 0.105469
0 0.736328 0.281250 0.050781 0.039062
0 0.244141 0.277344 0.066406 0.093750
0 0.046875 0.246094 0.054688 0.054688
0 0.195312 0.220703 0.078125 0.097656
0 0.435547 0.197266 0.074219 0.082031
0 0.320312 0.203125 0.093750 0.101562
0 0.513672 0.177734 0.058594 0.058594
0 0.642578 0.185547 0.113281 0.082031
0 0.048828 0.158203 0.082031 0.089844
0 0.230469 0.117188 0.062500 0.070312
0 0.875000 0.099609 0.078125 0.050781
0 0.125000 0.103516 0.078125 0.074219
0 0.603516 0.076172 0.066406 0.074219
0 0.304688 0.044922 0.062500 0.050781
0 0.947266 0.048828 0.082031 0.066406
0 0.494141 0.042969 0.136719 0.085938
0 0.378906 0.023438 0.085938 0.046875
0 0.228516 0.023438 0.058594 0.046875
0 0.154297 0.021484 0.089844 0.042969