0 0.589844 0.982422 0.070312 0.035156
0 0.099609 0.962891 0.082031 0.058594
0 0.371094 0.933594 0.085938 0.054688
0 0.503906 0.935547 0.093750 0.074219
0 0.246094 0.902344 0.039062 0.062500
0 0.984375 0.898438 0.031250 0.062500
0 0.923828 0.886719 0.050781 0.046875
0 0.462891 0.878906 0.050781 0.046875
0 0.175781 0.867188 0.093750 0.093750
0 0.382812 0.843750 0.085938 0.070312
0 0.035156 0.845703 0.070312 0.074219
0 0.275391 0.839844 0.058594 0.070312
0 0.886719 0.820312 0.046875 0.046875
0 0.105469 0.820312 0.054688 0.046875
0 0.148438 0.787109 0.054688 0.050781
0 0.332031 0.779297 0.078125 0.058594
0 0.062500 0.775391 0.070312 0.074219
0 0.445312 0.767578 0.085938 0.066406
0 0.232422 0.750000 0.097656 0.085938
0 0.591797 0.722656 0.082031 0.054688
0 0.152344 0.703125 0.046875 0.062500
0 0.324219 0.671875 0.085938 0.109375
0 0.619141 0.648438 0.074219 0.085938
0 0.777344 0.621094 0.039062 0.039062
0 0.470703 0.646484 0.105469 0.097656
0 0.099609 0.623047 0.074219 0.066406
0 0.191406 0.626953 0.070312 0.105469
0 0.976562 0.593750 0.046875 0.062500
0 0.832031 0.583984 0.085938 0.074219
0 0.730469 0.578125 0.070312 0.062500
0 0.546875 0.560547 0.093750 0.121094
0 0.302734 0.548828 0.089844 0.121094
0 0.423828 0.523438 0.113281 0.125000
0 0.052734 0.507812 0.105469 0.109375
0 0.197266 0.482422 0.121094 0.152344
0 0.503906 0.427734 0.078125 0.066406
0 0.701172 0.412109 0.074219 0.097656
0 0.605469 0.400391 0.070312 0.097656
0 0.041016 0.382812 0.082031 0.078125
0 0.939453 0.378906 0.066406 0.101562
0 0.822266 0.382812 0.121094 0.109375
0 0.451172 0.363281 0.082031 0.093750
0 0.236328 0.343750 0.105469 0.093750
0 0.966797 0.314453 0.066406 0.097656
0 0.541016 0.294922 0.074219 0.074219
0 0.632812 0.275391 0.093750 0.089844
0 0.337891 0.283203 0.082031 0.105469
0 0.794922 0.273438 0.105469 0.101562
0 0.242188 0.251953 0.093750 0.074219
0 0.009766 0.244141 0.019531 0.066406
0 0.117188 0.283203 0.109375 0.152344
0 0.953125 0.212891 0.070312 0.082031
0 0.449219 0.234375 0.101562 0.125000
0 0.681641 0.187500 0.066406 0.078125
0 0.580078 0.189453 0.066406 0.089844
0 0.318359 0.169922 0.105469 0.074219
0 0.474609 0.142578 0.082031 0.066406
0 0.197266 0.142578 0.097656 0.105469
0 0.767578 0.144531 0.097656 0.125000
0 0.447266 0.078125 0.058594 0.062500
0 0.562500 0.083984 0.109375 0.089844
0 0.931641 0.072266 0.136719 0.113281
0 0.826172 0.017578 0.066406 0.035156
0 0.748047 0.025391 0.074219 0.050781
0 0.623047 0.021484 0.105469 0.042969
0 0.474609 0.017578 0.074219 0.035156
0 0.369141 0.046875 0.097656 0.093750
0 0.263672 0.042969 0.089844 0.085938
0 0.162109 0.039062 0.097656 0.078125