0 0.029297 0.982422 0.058594 0.035156
0 0.169922 0.980469 0.089844 0.039062
0 0.521484 0.966797 0.082031 0.066406
0 0.710938 0.960938 0.085938 0.078125
0 0.312500 0.957031 0.140625 0.085938
0 0.910156 0.953125 0.117188 0.093750
0 0.130859 0.917969 0.058594 0.054688
0 0.787109 0.886719 0.050781 0.062500
0 0.646484 0.869141 0.082031 0.089844
0 0.251953 0.843750 0.066406 0.078125
0 0.964844 0.833984 0.070312 0.089844
0 0.492188 0.837891 0.070312 0.105469
0 0.335938 0.794922 0.062500 0.066406
0 0.839844 0.800781 0.085938 0.085938
0 0.740234 0.783203 0.082031 0.105469
0 0.652344 0.750000 0.070312 0.054688
0 0.429688 0.746094 0.078125 0.085938
0 0.013672 0.746094 0.027344 0.101562
0 0.191406 0.728516 0.125000 0.113281
0 0.943359 0.707031 0.113281 0.078125
0 0.552734 0.728516 0.105469 0.136719
0 0.812500 0.693359 0.085938 0.082031
0 0.318359 0.658203 0.121094 0.105469
0 0.937500 0.611328 0.078125 0.082031
0 0.666016 0.583984 0.128906 0.113281
0 0.468750 0.585938 0.093750 0.132812
0 0.082031 0.599609 0.109375 0.160156
0 0.884766 0.525391 0.050781 0.050781
0 0.015625 0.527344 0.031250 0.054688
0 0.216797 0.566406 0.105469 0.140625
0 0.792969 0.527344 0.101562 0.117188
0 0.341797 0.494141 0.136719 0.121094
0 0.882812 0.451172 0.101562 0.082031
0 0.753906 0.423828 0.062500 0.050781
0 0.066406 0.445312 0.109375 0.101562
0 0.552734 0.439453 0.136719 0.113281
0 0.667969 0.392578 0.070312 0.066406
0 0.013672 0.341797 0.027344 0.074219
0 0.974609 0.357422 0.050781 0.113281
0 0.783203 0.355469 0.105469 0.109375
0 0.431641 0.365234 0.144531 0.128906
0 0.554688 0.330078 0.062500 0.066406
0 0.910156 0.324219 0.054688 0.070312
0 0.214844 0.367188 0.117188 0.203125
0 0.083984 0.318359 0.097656 0.113281
0 0.656250 0.281250 0.132812 0.085938
0 0.531250 0.244141 0.078125 0.089844
0 0.320312 0.265625 0.093750 0.140625
0 0.814453 0.224609 0.121094 0.128906