0 0.777344 0.982422 0.062500 0.035156
0 0.919922 0.980469 0.089844 0.039062
0 0.593750 0.980469 0.062500 0.039062
0 0.470703 0.972656 0.121094 0.054688
0 0.308594 0.962891 0.062500 0.058594
0 0.230469 0.949219 0.085938 0.085938
0 0.880859 0.917969 0.058594 0.054688
0 0.675781 0.939453 0.109375 0.105469
0 0.158203 0.927734 0.074219 0.089844
0 0.566406 0.888672 0.070312 0.089844
0 0.984375 0.853516 0.031250 0.058594
0 0.242188 0.847656 0.078125 0.093750
0 0.437500 0.871094 0.101562 0.156250
0 0.662109 0.833984 0.074219 0.097656
0 0.337891 0.812500 0.082031 0.085938
0 0.576172 0.769531 0.082031 0.093750
0 0.496094 0.750000 0.054688 0.078125
0 0.152344 0.740234 0.117188 0.097656
0 0.939453 0.728516 0.121094 0.113281
0 0.732422 0.732422 0.089844 0.136719
0 0.417969 0.714844 0.093750 0.117188
0 0.304688 0.673828 0.085938 0.121094
0 0.576172 0.654297 0.082031 0.089844
0 0.664062 0.591797 0.093750 0.105469
0 0.832031 0.599609 0.109375 0.160156
0 0.349609 0.550781 0.074219 0.085938
0 0.503906 0.548828 0.101562 0.097656
0 0.957031 0.566406 0.085938 0.140625
0 0.750000 0.525391 0.062500 0.058594
0 0.667969 0.466797 0.132812 0.128906
0 0.816406 0.445312 0.109375 0.101562
0 0.333984 0.429688 0.074219 0.101562
0 0.527344 0.402344 0.078125 0.093750
0 0.742188 0.337891 0.070312 0.082031
0 0.953125 0.367188 0.093750 0.203125
0 0.417969 0.320312 0.093750 0.109375
0 0.833984 0.318359 0.097656 0.113281
0 0.281250 0.322266 0.070312 0.128906
0 0.617188 0.287109 0.093750 0.082031