0 0.822266 0.970703 0.058594 0.058594
0 0.732422 0.968750 0.089844 0.062500
0 0.625000 0.966797 0.093750 0.066406
0 0.074219 0.941406 0.085938 0.093750
0 0.359375 0.919922 0.085938 0.058594
0 0.910156 0.921875 0.109375 0.101562
0 0.642578 0.871094 0.089844 0.078125
0 0.171875 0.861328 0.078125 0.097656
0 0.527344 0.830078 0.101562 0.089844
0 0.753906 0.839844 0.101562 0.125000
0 0.296875 0.830078 0.109375 0.113281
0 0.427734 0.804688 0.082031 0.085938
0 0.878906 0.808594 0.109375 0.117188
0 0.037109 0.796875 0.074219 0.109375
0 0.115234 0.746094 0.058594 0.101562
0 0.660156 0.734375 0.140625 0.101562
0 0.984375 0.724609 0.031250 0.105469
0 0.208984 0.740234 0.097656 0.136719
0 0.287109 0.652344 0.042969 0.046875
0 0.072266 0.656250 0.058594 0.054688
0 0.488281 0.687500 0.101562 0.140625
0 0.138672 0.632812 0.050781 0.046875
0 0.585938 0.611328 0.078125 0.050781
0 0.214844 0.601562 0.078125 0.062500
0 0.708984 0.599609 0.089844 0.089844
0 0.935547 0.617188 0.113281 0.132812
0 0.376953 0.611328 0.121094 0.128906
0 0.812500 0.556641 0.070312 0.089844
0 0.085938 0.562500 0.109375 0.140625
0 0.748047 0.509766 0.050781 0.074219
0 0.277344 0.519531 0.085938 0.101562
0 0.484375 0.507812 0.101562 0.085938
0 0.181641 0.500000 0.058594 0.070312
0 0.964844 0.496094 0.046875 0.070312
0 0.349609 0.468750 0.058594 0.046875
0 0.619141 0.488281 0.105469 0.101562
0 0.171875 0.412109 0.085938 0.066406
0 0.296875 0.410156 0.062500 0.070312
0 0.867188 0.394531 0.101562 0.078125
0 0.419922 0.392578 0.105469 0.089844
0 0.697266 0.390625 0.144531 0.101562
0 0.066406 0.388672 0.132812 0.113281
0 0.968750 0.353516 0.054688 0.066406
0 0.773438 0.322266 0.070312 0.058594
0 0.179688 0.324219 0.062500 0.078125
0 0.423828 0.294922 0.113281 0.074219
0 0.267578 0.300781 0.074219 0.085938
0 0.857422 0.294922 0.050781 0.089844
0 0.667969 0.246094 0.101562 0.085938
0 0.017578 0.251953 0.035156 0.097656
0 0.552734 0.230469 0.082031 0.070312
0 0.787109 0.224609 0.066406 0.121094
0 0.896484 0.166016 0.082031 0.097656
0 0.447266 0.162109 0.167969 0.105469
0 0.257812 0.130859 0.093750 0.082031
0 0.699219 0.126953 0.093750 0.082031
0 0.591797 0.136719 0.082031 0.109375
0 0.785156 0.119141 0.062500 0.082031
0 0.968750 0.089844 0.062500 0.093750
0 0.855469 0.046875 0.101562 0.093750
0 0.716797 0.033203 0.066406 0.066406
0 0.632812 0.041016 0.070312 0.082031
0 0.500000 0.044922 0.132812 0.089844
0 0.373047 0.044922 0.074219 0.089844
0 0.212891 0.048828 0.082031 0.097656