0 0.050781 0.986328 0.085938 0.027344
0 0.865234 0.974609 0.066406 0.050781
0 0.203125 0.960938 0.070312 0.078125
0 0.962891 0.958984 0.074219 0.082031
0 0.464844 0.958984 0.062500 0.082031
0 0.802734 0.910156 0.066406 0.078125
0 0.423828 0.886719 0.035156 0.039062
0 0.332031 0.878906 0.062500 0.085938
0 0.033203 0.894531 0.066406 0.125000
0 0.429688 0.824219 0.039062 0.039062
0 0.185547 0.822266 0.144531 0.113281
0 0.355469 0.781250 0.085938 0.093750
0 0.501953 0.777344 0.058594 0.101562
0 0.017578 0.761719 0.035156 0.078125
0 0.076172 0.751953 0.066406 0.066406
0 0.419922 0.740234 0.050781 0.074219
0 0.619141 0.728516 0.121094 0.089844
0 0.033203 0.681641 0.058594 0.050781
0 0.742188 0.673828 0.070312 0.074219
0 0.945312 0.675781 0.109375 0.140625
0 0.089844 0.640625 0.078125 0.078125
0 0.650391 0.640625 0.058594 0.085938
0 0.537109 0.628906 0.089844 0.101562
0 0.208984 0.613281 0.089844 0.085938
0 0.728516 0.578125 0.097656 0.078125
0 0.843750 0.580078 0.078125 0.113281
0 0.029297 0.544922 0.058594 0.082031
0 0.617188 0.544922 0.085938 0.105469
0 0.488281 0.525391 0.093750 0.082031
0 0.128906 0.527344 0.093750 0.109375
0 0.839844 0.480469 0.078125 0.070312
0 0.917969 0.488281 0.078125 0.093750
0 0.716797 0.478516 0.082031 0.082031
0 0.351562 0.466797 0.078125 0.097656
0 0.027344 0.449219 0.054688 0.062500
0 0.648438 0.439453 0.054688 0.082031
0 0.544922 0.455078 0.074219 0.128906
0 0.728516 0.375000 0.089844 0.085938
0 0.105469 0.386719 0.093750 0.125000
0 0.617188 0.337891 0.054688 0.058594
0 0.017578 0.349609 0.035156 0.097656
0 0.242188 0.404297 0.125000 0.230469
0 0.509766 0.306641 0.074219 0.066406
0 0.976562 0.324219 0.046875 0.109375
0 0.839844 0.314453 0.132812 0.105469
0 0.583984 0.257812 0.082031 0.070312
0 0.695312 0.251953 0.093750 0.089844
0 0.787109 0.222656 0.058594 0.062500
0 0.519531 0.216797 0.093750 0.082031
0 0.400391 0.230469 0.121094 0.109375
0 0.908203 0.205078 0.121094 0.089844
0 0.158203 0.226562 0.121094 0.140625
0 0.986328 0.185547 0.027344 0.074219
0 0.037109 0.136719 0.050781 0.062500
0 0.777344 0.128906 0.070312 0.085938
0 0.699219 0.121094 0.039062 0.070312
0 0.623047 0.117188 0.066406 0.101562
0 0.857422 0.095703 0.066406 0.089844
0 0.529297 0.085938 0.066406 0.070312
0 0.242188 0.083984 0.125000 0.089844
0 0.378906 0.078125 0.085938 0.085938
0 0.701172 0.044922 0.050781 0.042969
0 0.089844 0.050781 0.085938 0.085938
0 0.925781 0.035156 0.117188 0.070312
0 0.759766 0.017578 0.042969 0.035156
0 0.470703 0.037109 0.074219 0.074219
0 0.015625 0.042969 0.031250 0.085938