0 0.306641 0.976562 0.058594 0.046875
0 0.771484 0.966797 0.128906 0.066406
0 0.630859 0.962891 0.066406 0.074219
0 0.507812 0.957031 0.117188 0.085938
0 0.882812 0.894531 0.117188 0.140625
0 0.757812 0.845703 0.078125 0.058594
0 0.306641 0.824219 0.113281 0.109375
0 0.462891 0.798828 0.082031 0.082031
0 0.691406 0.759766 0.125000 0.082031
0 0.240234 0.751953 0.074219 0.066406
0 0.294922 0.689453 0.050781 0.050781
0 0.845703 0.712891 0.097656 0.136719
0 0.574219 0.707031 0.101562 0.125000
0 0.111328 0.673828 0.074219 0.074219
0 0.417969 0.689453 0.070312 0.113281
0 0.345703 0.640625 0.035156 0.062500
0 0.267578 0.628906 0.058594 0.062500
0 0.970703 0.642578 0.058594 0.121094
0 0.707031 0.625000 0.109375 0.117188
0 0.556641 0.566406 0.082031 0.140625
0 0.691406 0.511719 0.070312 0.062500
0 0.837891 0.544922 0.105469 0.136719
0 0.392578 0.517578 0.097656 0.121094
0 0.066406 0.486328 0.039062 0.074219
0 0.845703 0.435547 0.058594 0.066406
0 0.955078 0.474609 0.089844 0.152344
0 0.736328 0.404297 0.097656 0.113281
0 0.574219 0.400391 0.117188 0.144531
0 0.367188 0.318359 0.062500 0.074219
0 0.425781 0.298828 0.039062 0.082031
0 0.824219 0.302734 0.140625 0.105469
0 0.472656 0.283203 0.054688 0.113281
0 0.550781 0.240234 0.046875 0.074219
0 0.660156 0.253906 0.109375 0.109375
0 0.937500 0.246094 0.125000 0.109375
0 0.335938 0.240234 0.070312 0.097656
0 0.755859 0.189453 0.089844 0.082031
0 0.972656 0.166016 0.054688 0.066406
0 0.335938 0.156250 0.085938 0.046875
0 0.460938 0.166016 0.070312 0.105469
0 0.939453 0.111328 0.066406 0.050781
0 0.845703 0.128906 0.082031 0.093750
0 0.419922 0.076172 0.074219 0.066406
0 0.595703 0.103516 0.113281 0.128906
0 0.226562 0.083984 0.070312 0.113281
0 0.328125 0.052734 0.093750 0.066406
0 0.501953 0.042969 0.074219 0.070312
0 0.945312 0.041016 0.085938 0.082031
0 0.847656 0.029297 0.054688 0.058594
0 0.732422 0.060547 0.113281 0.121094
0 0.429688 0.015625 0.078125 0.031250
0 0.113281 0.050781 0.117188 0.101562
0 0.021484 0.039062 0.042969 0.078125