0 0.765625 0.982422 0.117188 0.035156
0 0.566406 0.974609 0.140625 0.050781
0 0.375000 0.953125 0.148438 0.093750
0 0.896484 0.933594 0.167969 0.101562
0 0.173828 0.876953 0.152344 0.152344
0 0.658203 0.853516 0.199219 0.199219
0 0.013672 0.792969 0.027344 0.093750
0 0.931641 0.792969 0.128906 0.148438
0 0.427734 0.634766 0.144531 0.222656
0 0.582031 0.585938 0.101562 0.148438
0 0.779297 0.564453 0.152344 0.199219
0 0.390625 0.474609 0.117188 0.097656
0 0.148438 0.417969 0.140625 0.171875
0 0.398438 0.333984 0.109375 0.105469
0 0.595703 0.365234 0.199219 0.230469
0 0.830078 0.232422 0.167969 0.128906