0 0.228516 0.923828 0.175781 0.152344
0 0.542969 0.794922 0.187500 0.246094
0 0.775391 0.611328 0.152344 0.199219
0 0.953125 0.554688 0.093750 0.179688
0 0.988281 0.337891 0.023438 0.136719
0 0.078125 0.349609 0.156250 0.207031
0 0.765625 0.289062 0.148438 0.148438
0 0.564453 0.255859 0.144531 0.113281
0 0.375000 0.240234 0.148438 0.167969
0 0.896484 0.183594 0.167969 0.101562
0 0.173828 0.126953 0.152344 0.152344
0 0.658203 0.103516 0.199219 0.199219
0 0.931641 0.058594 0.128906 0.117188
0 0.013672 0.044922 0.027344 0.089844