0 0.753906 0.949219 0.125000 0.101562
0 0.431641 0.939453 0.097656 0.113281
0 0.888672 0.904297 0.136719 0.121094
0 0.548828 0.867188 0.152344 0.171875
0 0.916016 0.787109 0.105469 0.105469
0 0.755859 0.808594 0.183594 0.148438
0 0.240234 0.804688 0.144531 0.171875
0 0.443359 0.761719 0.113281 0.109375
0 0.605469 0.726562 0.085938 0.117188
0 0.449219 0.634766 0.109375 0.089844
0 0.935547 0.646484 0.128906 0.144531
0 0.300781 0.589844 0.117188 0.171875
0 0.673828 0.578125 0.152344 0.179688
0 0.435547 0.523438 0.105469 0.093750
0 0.523438 0.427734 0.117188 0.136719
0 0.400391 0.253906 0.152344 0.195312
0 0.351562 0.060547 0.125000 0.121094