0 0.609375 0.960938 0.195312 0.078125
0 0.152344 0.939453 0.132812 0.121094
0 0.345703 0.904297 0.175781 0.191406
0 0.947266 0.865234 0.105469 0.167969
0 0.535156 0.806641 0.117188 0.160156
0 0.814453 0.734375 0.136719 0.125000
0 0.953125 0.712891 0.093750 0.089844
0 0.033203 0.658203 0.066406 0.167969
0 0.957031 0.574219 0.085938 0.101562
0 0.816406 0.585938 0.117188 0.164062
0 0.261719 0.580078 0.210938 0.167969
0 0.441406 0.466797 0.132812 0.128906
0 0.181641 0.378906 0.136719 0.132812
0 0.923828 0.376953 0.121094 0.175781
0 0.355469 0.306641 0.203125 0.175781
0 0.058594 0.267578 0.117188 0.167969
0 0.587891 0.138672 0.144531 0.128906
0 0.765625 0.119141 0.171875 0.175781
0 0.582031 0.025391 0.164062 0.050781
0 0.375000 0.087891 0.164062 0.175781