0 0.929688 0.919922 0.140625 0.160156
0 0.517578 0.863281 0.136719 0.164062
0 0.919922 0.746094 0.152344 0.140625
0 0.328125 0.734375 0.132812 0.156250
0 0.009766 0.689453 0.019531 0.089844
0 0.738281 0.675781 0.171875 0.242188
0 0.490234 0.660156 0.175781 0.226562
0 0.908203 0.509766 0.121094 0.183594
0 0.380859 0.490234 0.136719 0.191406
0 0.072266 0.492188 0.144531 0.203125
0 0.505859 0.365234 0.113281 0.175781
0 0.197266 0.359375 0.207031 0.195312
0 0.873047 0.322266 0.121094 0.167969
0 0.039062 0.119141 0.078125 0.128906