0 0.574219 0.978516 0.109375 0.042969
0 0.058594 0.970703 0.031250 0.058594
0 0.138672 0.968750 0.113281 0.062500
0 0.738281 0.960938 0.156250 0.078125
0 0.935547 0.933594 0.128906 0.132812
0 0.800781 0.835938 0.117188 0.140625
0 0.662109 0.814453 0.097656 0.105469
0 0.257812 0.837891 0.148438 0.183594
0 0.476562 0.837891 0.195312 0.222656
0 0.955078 0.707031 0.089844 0.156250
0 0.425781 0.546875 0.140625 0.171875
0 0.933594 0.515625 0.132812 0.132812
0 0.230469 0.513672 0.164062 0.144531
0 0.802734 0.439453 0.167969 0.152344
0 0.439453 0.273438 0.128906 0.117188
0 0.761719 0.267578 0.203125 0.152344
0 0.255859 0.294922 0.183594 0.230469
0 0.445312 0.060547 0.164062 0.121094
0 0.236328 0.050781 0.175781 0.101562