0 0.689453 0.917969 0.121094 0.148438
0 0.474609 0.886719 0.160156 0.132812
0 0.896484 0.785156 0.207031 0.195312
0 0.626953 0.746094 0.175781 0.187500
0 0.343750 0.701172 0.164062 0.175781
0 0.712891 0.587891 0.121094 0.121094
0 0.925781 0.501953 0.117188 0.128906
0 0.042969 0.492188 0.085938 0.125000
0 0.609375 0.451172 0.164062 0.144531
0 0.464844 0.390625 0.132812 0.101562
0 0.982422 0.359375 0.035156 0.109375
0 0.873047 0.333984 0.121094 0.144531
0 0.605469 0.277344 0.140625 0.164062
0 0.775391 0.238281 0.113281 0.125000
0 0.109375 0.257812 0.218750 0.226562
0 0.591797 0.089844 0.128906 0.125000
0 0.375000 0.089844 0.117188 0.171875
0 0.802734 0.009766 0.097656 0.019531
0 0.505859 0.009766 0.082031 0.019531
0 0.085938 0.052734 0.171875 0.105469