0 0.445312 0.982422 0.101562 0.035156
0 0.759766 0.970703 0.199219 0.058594
0 0.251953 0.964844 0.152344 0.070312
0 0.445312 0.806641 0.164062 0.128906
0 0.767578 0.701172 0.183594 0.113281
0 0.238281 0.744141 0.179688 0.214844
0 0.806641 0.484375 0.175781 0.234375
0 0.630859 0.402344 0.160156 0.179688
0 0.238281 0.414062 0.210938 0.203125
0 0.757812 0.261719 0.164062 0.140625
0 0.453125 0.277344 0.195312 0.226562
0 0.675781 0.111328 0.125000 0.121094
0 0.167969 0.093750 0.132812 0.132812
0 0.341797 0.128906 0.175781 0.218750
0 0.812500 0.023438 0.179688 0.046875