0 0.755859 0.970703 0.152344 0.058594
0 0.462891 0.957031 0.175781 0.085938
0 0.675781 0.861328 0.125000 0.121094
0 0.167969 0.843750 0.132812 0.132812
0 0.341797 0.878906 0.175781 0.218750
0 0.806641 0.695312 0.199219 0.203125
0 0.333984 0.658203 0.152344 0.152344
0 0.962891 0.638672 0.074219 0.128906
0 0.087891 0.511719 0.175781 0.187500
0 0.478516 0.455078 0.121094 0.191406
0 0.330078 0.457031 0.144531 0.203125
0 0.865234 0.427734 0.160156 0.246094
0 0.384766 0.263672 0.128906 0.144531
0 0.970703 0.234375 0.058594 0.156250
0 0.089844 0.205078 0.156250 0.152344
0 0.625000 0.236328 0.187500 0.261719