0 0.609375 0.972656 0.125000 0.054688
0 0.775391 0.962891 0.113281 0.074219
0 0.103516 0.947266 0.207031 0.105469
0 0.591797 0.839844 0.128906 0.125000
0 0.375000 0.839844 0.117188 0.171875
0 0.501953 0.712891 0.113281 0.113281
0 0.792969 0.703125 0.140625 0.132812
0 0.085938 0.744141 0.171875 0.222656
0 0.570312 0.580078 0.125000 0.152344
0 0.314453 0.572266 0.175781 0.183594
0 0.898438 0.552734 0.140625 0.199219
0 0.738281 0.521484 0.179688 0.222656
0 0.988281 0.447266 0.023438 0.089844
0 0.957031 0.279297 0.085938 0.191406
0 0.292969 0.234375 0.140625 0.203125
0 0.035156 0.181641 0.070312 0.167969
0 0.476562 0.191406 0.140625 0.210938
0 0.609375 0.041016 0.164062 0.082031
0 0.318359 0.031250 0.160156 0.062500
0 0.121094 0.052734 0.125000 0.105469