0 0.908203 0.984375 0.082031 0.031250
0 0.689453 0.941406 0.160156 0.117188
0 0.480469 0.904297 0.234375 0.191406
0 0.253906 0.865234 0.218750 0.167969
0 0.912109 0.806641 0.175781 0.207031
0 0.697266 0.761719 0.183594 0.179688
0 0.066406 0.734375 0.132812 0.125000
0 0.218750 0.712891 0.125000 0.089844
0 0.542969 0.716797 0.109375 0.121094
0 0.212891 0.574219 0.097656 0.101562
0 0.066406 0.585938 0.117188 0.164062
0 0.441406 0.558594 0.179688 0.171875
0 0.638672 0.441406 0.175781 0.164062
0 0.824219 0.421875 0.132812 0.171875
0 0.173828 0.376953 0.121094 0.175781
0 0.466797 0.365234 0.136719 0.160156
0 0.318359 0.310547 0.136719 0.183594
0 0.955078 0.238281 0.089844 0.109375
0 0.771484 0.238281 0.152344 0.171875
0 0.050781 0.121094 0.101562 0.171875
0 0.529297 0.015625 0.121094 0.031250