0 0.054688 0.941406 0.109375 0.117188
0 0.576172 0.882812 0.160156 0.164062
0 0.953125 0.830078 0.093750 0.152344
0 0.046875 0.791016 0.093750 0.128906
0 0.271484 0.802734 0.175781 0.214844
0 0.009766 0.662109 0.019531 0.066406
0 0.138672 0.615234 0.144531 0.160156
0 0.300781 0.578125 0.132812 0.140625
0 0.511719 0.572266 0.179688 0.222656
0 0.044922 0.494141 0.089844 0.121094
0 0.710938 0.416016 0.117188 0.136719
0 0.406250 0.357422 0.203125 0.175781
0 0.890625 0.328125 0.187500 0.195312
0 0.742188 0.214844 0.117188 0.117188
0 0.013672 0.197266 0.027344 0.089844
0 0.558594 0.138672 0.117188 0.136719
0 0.664062 0.072266 0.117188 0.121094
0 0.910156 0.046875 0.179688 0.093750
0 0.730469 0.025391 0.093750 0.050781
0 0.482422 0.033203 0.097656 0.066406