0 0.041016 0.962891 0.082031 0.074219
0 0.478516 0.849609 0.152344 0.222656
0 0.300781 0.746094 0.117188 0.210938
0 0.056641 0.703125 0.113281 0.132812
0 0.740234 0.662109 0.136719 0.175781
0 0.439453 0.636719 0.136719 0.179688
0 0.148438 0.552734 0.140625 0.199219
0 0.847656 0.509766 0.101562 0.128906
0 0.451172 0.462891 0.128906 0.105469
0 0.039062 0.515625 0.078125 0.210938
0 0.292969 0.490234 0.132812 0.175781
0 0.958984 0.453125 0.082031 0.109375
0 0.583984 0.382812 0.160156 0.132812
0 0.988281 0.287109 0.023438 0.136719
0 0.304688 0.277344 0.281250 0.218750
0 0.630859 0.216797 0.175781 0.175781
0 0.962891 0.082031 0.074219 0.164062
0 0.757812 0.064453 0.187500 0.128906