0 0.423828 0.978516 0.113281 0.042969
0 0.986328 0.957031 0.027344 0.085938
0 0.744141 0.923828 0.152344 0.152344
0 0.185547 0.919922 0.152344 0.160156
0 0.572266 0.876953 0.113281 0.183594
0 0.406250 0.835938 0.187500 0.187500
0 0.871094 0.791016 0.125000 0.128906
0 0.169922 0.746094 0.152344 0.140625
0 0.537109 0.669922 0.152344 0.121094
0 0.037109 0.675781 0.074219 0.218750
0 0.792969 0.585938 0.171875 0.132812
0 0.546875 0.556641 0.132812 0.089844
0 0.328125 0.572266 0.179688 0.175781
0 0.960938 0.496094 0.078125 0.140625
0 0.158203 0.509766 0.121094 0.183594
0 0.662109 0.458984 0.121094 0.113281
0 0.837891 0.439453 0.136719 0.121094
0 0.310547 0.404297 0.136719 0.136719
0 0.484375 0.318359 0.140625 0.144531
0 0.123047 0.322266 0.121094 0.167969
0 0.697266 0.277344 0.191406 0.164062