0 0.625000 0.978516 0.125000 0.042969
0 0.251953 0.925781 0.175781 0.117188
0 0.775391 0.896484 0.097656 0.097656
0 0.421875 0.923828 0.117188 0.152344
0 0.625000 0.855469 0.187500 0.109375
0 0.009766 0.701172 0.019531 0.066406
0 0.097656 0.724609 0.093750 0.160156
0 0.925781 0.710938 0.109375 0.140625
0 0.517578 0.703125 0.160156 0.156250
0 0.324219 0.609375 0.132812 0.179688
0 0.171875 0.599609 0.140625 0.160156
0 0.458984 0.521484 0.152344 0.191406
0 0.642578 0.513672 0.183594 0.183594
0 0.314453 0.404297 0.175781 0.167969
0 0.539062 0.345703 0.148438 0.113281
0 0.042969 0.335938 0.085938 0.125000
0 0.894531 0.306641 0.148438 0.175781
0 0.689453 0.228516 0.160156 0.191406
0 0.480469 0.154297 0.234375 0.191406
0 0.253906 0.115234 0.218750 0.167969
0 0.912109 0.080078 0.175781 0.160156
0 0.697266 0.050781 0.183594 0.101562
0 0.542969 0.013672 0.078125 0.027344
0 0.062500 0.023438 0.117188 0.046875