0 0.515625 0.984375 0.117188 0.031250
0 0.050781 0.951172 0.101562 0.097656
0 0.212891 0.945312 0.121094 0.109375
0 0.902344 0.939453 0.132812 0.121094
0 0.341797 0.837891 0.167969 0.167969
0 0.130859 0.777344 0.144531 0.164062
0 0.042969 0.675781 0.085938 0.117188
0 0.437500 0.664062 0.109375 0.109375
0 0.566406 0.654297 0.125000 0.121094
0 0.722656 0.662109 0.187500 0.183594
0 0.294922 0.636719 0.136719 0.148438
0 0.953125 0.580078 0.093750 0.160156
0 0.560547 0.486328 0.113281 0.128906
0 0.042969 0.501953 0.085938 0.183594
0 0.701172 0.460938 0.128906 0.148438
0 0.445312 0.437500 0.101562 0.125000
0 0.277344 0.431641 0.148438 0.191406
0 0.931641 0.378906 0.136719 0.132812
0 0.101562 0.345703 0.140625 0.128906
0 0.587891 0.283203 0.128906 0.128906
0 0.783203 0.267578 0.167969 0.167969
0 0.033203 0.207031 0.066406 0.109375
0 0.326172 0.205078 0.136719 0.128906
0 0.138672 0.154297 0.136719 0.121094
0 0.617188 0.095703 0.171875 0.175781
0 0.349609 0.050781 0.105469 0.101562
0 0.166016 0.044922 0.105469 0.089844
0 0.048828 0.064453 0.097656 0.128906