0 0.367188 0.972656 0.156250 0.054688
0 0.148438 0.955078 0.171875 0.089844
0 0.554688 0.939453 0.156250 0.121094
0 0.957031 0.925781 0.085938 0.117188
0 0.564453 0.771484 0.128906 0.136719
0 0.847656 0.724609 0.093750 0.160156
0 0.128906 0.742188 0.164062 0.226562
0 0.703125 0.679688 0.132812 0.125000
0 0.298828 0.617188 0.167969 0.164062
0 0.921875 0.599609 0.140625 0.160156
0 0.695312 0.523438 0.109375 0.156250
0 0.486328 0.488281 0.136719 0.132812
0 0.988281 0.429688 0.023438 0.062500
0 0.111328 0.457031 0.144531 0.140625
0 0.755859 0.335938 0.160156 0.125000
0 0.386719 0.353516 0.156250 0.160156
0 0.605469 0.277344 0.203125 0.210938
0 0.152344 0.197266 0.132812 0.136719
0 0.345703 0.158203 0.175781 0.199219
0 0.947266 0.115234 0.105469 0.167969
0 0.812500 0.023438 0.117188 0.046875
0 0.535156 0.068359 0.117188 0.136719