0 0.960938 0.966797 0.078125 0.066406
0 0.292969 0.941406 0.140625 0.117188
0 0.035156 0.923828 0.070312 0.152344
0 0.476562 0.917969 0.140625 0.164062
0 0.121094 0.791016 0.125000 0.128906
0 0.318359 0.738281 0.160156 0.148438
0 0.609375 0.732422 0.164062 0.199219
0 0.439453 0.625000 0.089844 0.164062
0 0.064453 0.585938 0.128906 0.132812
0 0.783203 0.585938 0.175781 0.203125
0 0.259766 0.492188 0.175781 0.148438
0 0.925781 0.474609 0.148438 0.183594
0 0.087891 0.439453 0.136719 0.121094
0 0.750000 0.410156 0.117188 0.093750
0 0.583984 0.363281 0.152344 0.226562
0 0.980469 0.287109 0.039062 0.160156
0 0.021484 0.259766 0.042969 0.105469
0 0.365234 0.148438 0.128906 0.140625