0 0.861328 0.972656 0.136719 0.054688
0 0.673828 0.955078 0.136719 0.089844
0 0.439453 0.949219 0.222656 0.101562
0 0.878906 0.789062 0.132812 0.140625
0 0.759766 0.498047 0.238281 0.214844
0 0.320312 0.347656 0.132812 0.156250
0 0.656250 0.273438 0.187500 0.132812
0 0.251953 0.175781 0.175781 0.117188
0 0.775391 0.146484 0.097656 0.097656
0 0.421875 0.175781 0.117188 0.156250
0 0.625000 0.105469 0.187500 0.109375
0 0.927734 0.015625 0.089844 0.031250
0 0.517578 0.015625 0.121094 0.031250
0 0.099609 0.027344 0.089844 0.054688