0 0.775391 0.941406 0.167969 0.117188
0 0.035156 0.914062 0.070312 0.140625
0 0.166016 0.835938 0.167969 0.164062
0 0.785156 0.791016 0.117188 0.128906
0 0.966797 0.806641 0.066406 0.207031
0 0.703125 0.679688 0.132812 0.125000
0 0.255859 0.648438 0.191406 0.164062
0 0.039062 0.640625 0.078125 0.179688
0 0.888672 0.615234 0.144531 0.160156
0 0.519531 0.587891 0.148438 0.160156
0 0.656250 0.537109 0.109375 0.121094
0 0.777344 0.494141 0.125000 0.121094
0 0.031250 0.414062 0.062500 0.156250
0 0.634766 0.400391 0.175781 0.136719
0 0.392578 0.275391 0.105469 0.113281
0 0.550781 0.269531 0.156250 0.117188
0 0.033203 0.248047 0.066406 0.128906
0 0.716797 0.203125 0.121094 0.132812
0 0.195312 0.208984 0.148438 0.183594
0 0.462891 0.126953 0.097656 0.128906
0 0.345703 0.103516 0.105469 0.152344
0 0.599609 0.105469 0.144531 0.164062
0 0.054688 0.085938 0.109375 0.140625
0 0.251953 0.017578 0.136719 0.035156