0 0.142578 0.990234 0.074219 0.019531
0 0.025391 0.953125 0.050781 0.093750
0 0.365234 0.888672 0.175781 0.167969
0 0.527344 0.775391 0.164062 0.136719
0 0.162109 0.773438 0.183594 0.140625
0 0.015625 0.742188 0.031250 0.093750
0 0.318359 0.710938 0.144531 0.117188
0 0.019531 0.583984 0.039062 0.121094
0 0.296875 0.521484 0.179688 0.175781
0 0.769531 0.492188 0.132812 0.125000
0 0.335938 0.255859 0.148438 0.136719
0 0.843750 0.257812 0.250000 0.226562
0 0.603516 0.197266 0.128906 0.175781
0 0.832031 0.052734 0.179688 0.105469
0 0.562500 0.037109 0.164062 0.074219
0 0.242188 0.023438 0.132812 0.046875