0 0.392578 0.984375 0.082031 0.031250
0 0.546875 0.980469 0.148438 0.039062
0 0.033203 0.966797 0.066406 0.066406
0 0.716797 0.943359 0.121094 0.113281
0 0.195312 0.933594 0.148438 0.132812
0 0.462891 0.876953 0.097656 0.128906
0 0.345703 0.853516 0.105469 0.152344
0 0.599609 0.855469 0.144531 0.164062
0 0.054688 0.835938 0.109375 0.140625
0 0.263672 0.707031 0.207031 0.156250
0 0.458984 0.683594 0.167969 0.140625
0 0.191406 0.515625 0.148438 0.132812
0 0.068359 0.439453 0.136719 0.152344
0 0.351562 0.390625 0.132812 0.164062
0 0.552734 0.398438 0.160156 0.234375
0 0.056641 0.267578 0.113281 0.152344
0 0.728516 0.277344 0.167969 0.210938
0 0.962891 0.017578 0.074219 0.035156
0 0.781250 0.050781 0.156250 0.101562
0 0.337891 0.015625 0.097656 0.031250