0 0.693359 0.925781 0.144531 0.148438
0 0.949219 0.904297 0.101562 0.160156
0 0.148438 0.785156 0.210938 0.195312
0 0.892578 0.736328 0.144531 0.144531
0 0.699219 0.650391 0.164062 0.152344
0 0.453125 0.621094 0.117188 0.117188
0 0.011719 0.585938 0.023438 0.101562
0 0.851562 0.525391 0.164062 0.136719
0 0.175781 0.501953 0.117188 0.128906
0 0.550781 0.490234 0.125000 0.175781
0 0.953125 0.367188 0.093750 0.156250
0 0.281250 0.353516 0.132812 0.136719
0 0.123047 0.333984 0.121094 0.144531
0 0.041016 0.238281 0.082031 0.125000
0 0.478516 0.105469 0.152344 0.210938
0 0.300781 0.050781 0.117188 0.101562
0 0.052734 0.009766 0.097656 0.019531